1.199896671034360374e+00
-8.340950974534455664e-02
-5.697495829615277785e-01
4.106690976775156376e-01
1.584480080393941392e+00
2.249213149768598541e-01
-7.982923829688692852e-01
1.018586017974932867e+00
-1.409846629249728256e+00
-6.320271666434453817e-01
9.562469484280118337e-01
-4.554960977324419291e-01
1.318531942125190870e+00
1.265861249920861020e+00
2.923000927946727279e-01
8.227349226301051699e-01
2.484309628089351185e-01
-7.524461169559438778e-01
7.076801954120790494e-01
-1.939551919529024226e-01
3.901806664043871997e-01
8.511372475489693556e-01
2.284331804535106036e-01
5.000458882992010468e-01
-3.596770140885842681e-01
-9.043777169367156477e-02
5.037737099436132016e-02
4.018026791292415578e-01
2.489095840224930800e-01
1.886403600450072549e-01
-7.766177069081756645e-01
7.588522143519345342e-02
-5.477625301037348793e-01
2.901224479006389578e-01
5.097720564930448006e-01
2.420667646308183596e-01
9.781886240896556783e-01
-5.670480310796213175e-01
6.244205862655481665e-02
6.357443996434932743e-01
1.527439608633460510e+00
9.704811247998289536e-01
-8.134176204234276897e-01
7.992123229659666567e-03
6.332305918061608141e-01
8.971345984187441003e-01
-1.639888089055296094e-01
3.260910284912615364e-01
-5.092042766131107956e-02
6.000119376978346741e-01
-7.613369233540991932e-01
2.598474271927810747e-02
1.587688484720084503e-01
1.323091979266137974e+00
-1.323506322636796573e-01
6.286625076282156277e-01
-7.232724375213764323e-02
9.292685948751746583e-01
1.030577767961512903e+00
2.958671783566906854e-01
5.857755937852652250e-01
-7.619296448948660316e-01
8.942740224175006469e-01
2.502015827205800846e+00
1.211844755341806162e-01
9.594206031432803705e-01
4.598866754814053270e-01
5.025951946844111617e-01
2.868906367039389949e-01
1.135936115790517675e+00
-8.021830827603900760e-01
7.864015172750529192e-01
-6.595026204352878452e-01
-1.404387462266943123e-02
-1.298325481126188841e+00
5.033463479422777276e-01
2.112234006240334971e-01
-6.327567184279359047e-02
7.179620264109438932e-02
1.425897145328924420e+00
9.672399440521909364e-01
-8.665705817622556539e-01
5.239620261161660464e-01
5.157699958999796275e-01
-4.869913584782256666e-01
-8.177496205390775152e-01
8.635730276123116944e-01
1.212238016424482673e-01
-4.704125767022108301e-02
-5.138727960309548148e-01
-9.621189344752624217e-01
4.434380456203992349e-01
6.589491851172560866e-01
1.636795965977717371e+00
5.083929292901866459e-01
8.837209942597480661e-02
-1.619844939762566174e-02
5.226559428639947491e-01
-4.406664828509199716e-01
5.734884520974303790e-01
6.290774488463229952e-01
6.895955268807913985e-01
-6.454675932273882255e-01
1.509286281258534368e+00
2.731235805003917605e-01
-1.954770033773940985e-01
-9.425425179795408892e-02
-4.068466749850299102e-01
1.052213756051842530e+00
1.024156722347266513e+00
3.460691236403037885e-02
5.457657842461419717e-01
-4.728918825958321193e-02
5.903386422099005104e-01
1.197452954233736711e-01
-2.493233117710656407e-02
4.927989277050723871e-01
-4.822179202316039248e-01
4.307977016824057759e-01
1.083494215001519878e+00
-6.768671148073025501e-01
