3.589751761093298299e-01
-4.576596966453178039e-01
-5.996880121964347499e-01
3.703117820500909096e-02
8.745531663674191991e-01
4.053511403576927630e-01
6.506188693621708929e-02
-1.032355478050696940e+00
-4.955339229130025780e-01
9.081023785118760849e-02
-6.289005115729020545e-01
-9.582765940265572935e-01
3.480237108390906581e-02
-3.221611886745731623e-02
1.287560232703246488e+00
9.706422718255729443e-01
4.222071704646231938e-01
-8.369382719168803053e-01
1.282460193259675751e-01
8.825762921830039298e-01
-4.616838321975188508e-01
-8.781354227697842074e-02
-3.891368420228709102e-01
-8.479344214658658396e-01
-1.439799109019074930e+00
3.687295231815936880e-01
-9.992529275596562233e-01
8.450278718502529651e-01
-2.140000750840641563e-01
6.439204605290048677e-01
-2.117340864110831333e+00
-8.323616231150404721e-01
-1.480002456782970599e+00
-6.962479693244717494e-01
-6.251438324035875072e-01
1.701788595079628541e-01
1.222894504054936382e+00
-9.681353306319356866e-02
-3.543608925911667096e-01
-1.245599538167693643e+00
9.612702792527553219e-01
-3.485164296080950352e-01
1.735423668464090574e-01
-4.332468787906988417e-01
-5.037471057183819934e-01
-5.321814716869028850e-01
-1.592626388232028789e-01
-1.534055534836564982e+00
-3.776823757887370347e-01
-4.752862001104292689e-01
-6.837612733499269790e-01
-9.116781912765625773e-01
2.189568065946763745e-02
-1.619001570851789085e+00
5.945917828292450746e-01
2.259247311021359839e-01
-9.239995442186622610e-01
2.859884707397701842e-01
-8.401847555509007748e-01
-8.256033528734443294e-01
-5.785601687319508191e-04
3.679476374472206990e-01
4.777352163638334259e-01
6.895326932482792603e-01
6.789484975664418220e-01
-2.861928399064592288e+00
-1.887643722669810620e-01
-2.068286246801815387e-01
9.553953628711058244e-01
-3.971204153469065634e-01
-8.484278135787576280e-01
1.444438506880759698e-01
1.027907013644038109e-02
4.235941750677362228e-01
-1.551094261833365906e-01
8.019564746934080279e-01
5.572858503271929109e-01
1.510317712110184618e-01
-4.192444443733879256e-01
-4.639612355810210365e-01
1.348550612973567764e-01
-4.287515577397283534e-02
-1.210430781740049699e+00
-5.796459429566989119e-01
2.654148400568107635e-01
1.327242294562553659e-01
-1.931224946367019746e-01
-7.394707570644631911e-01
-4.522939148423217870e-01
3.125840244549255020e-01
-2.504911291920636218e-01
-1.140799925969206763e+00
6.813674564905397579e-02
6.916312056506571659e-01
-1.955903220990770075e-01
-1.602405039729541958e+00
-8.979638839013741602e-01
-3.347209593828150420e-01
-3.325933014923989073e-01
-1.946071033441402753e-01
-4.042376223098816945e-01
8.036472678997077512e-01
1.632100930028544394e-01
1.153406203439390210e-01
-6.500259428798271788e-01
-1.730842521274329249e+00
1.403897559806046788e-02
-1.356136647027390563e-01
-9.585863855064200023e-02
1.442576589219571881e-01
-7.596599437115716391e-01
4.051152813855584123e-01
-1.149753937885050981e+00
-2.441002567183907235e-02
6.813463734246367753e-01
-1.437175453431948080e-01
-1.356387458895114140e-02
1.143038301700010917e-01
-1.199710989446718612e+00
3.745835851912102110e-01
6.304050833565735257e-01
