-2.509517199622758946e-02
-5.525370060063291427e-02
5.469496480755132728e-01
1.204411680023959597e-01
4.235825128950286844e-01
1.862956751008762735e-01
3.095413999893630863e-01
-6.491027865319713985e-01
6.052722224708259047e-01
1.163058134651440811e+00
-4.219793643262959582e-01
6.026857368880493837e-01
3.396355019230750671e-01
-2.667381138337724944e-01
2.652970648651744590e-01
1.012600380220971319e+00
1.152432113280356329e+00
2.600014443484425231e-01
6.933771551984891923e-01
1.929031253726267714e+00
8.749101537179887478e-01
-6.545633102383383584e-01
5.217571930827263893e-01
-2.279123103122387139e-01
3.160530140175426550e-01
8.414210918023071195e-02
-1.415482829263414385e-02
-2.715159967574211353e-02
1.432729967950364891e+00
-4.333585996489382475e-01
1.369542033299220973e+00
5.275543963796798241e-01
-4.108494848447432485e-02
7.452353263858287891e-01
3.935382481761302564e-01
-1.299746399937124763e-01
4.011125313870593234e-01
4.418215902767001491e-01
4.480826994740534364e-01
-8.829795259629528159e-01
1.351813148210922154e-02
2.604659752011583840e-01
-3.537255557349651136e-01
1.292658704734463759e+00
8.574232086324550250e-01
2.760255234057288898e-01
5.905311479794340679e-01
8.632349613970665692e-01
1.553047292458543949e-01
7.033568638728957545e-01
-3.376951149312241995e-02
1.781368125112937073e-01
-3.245867510783874144e-01
-4.418593376771282055e-01
5.388671061948948626e-01
2.852645519140720176e-01
8.573870578566521461e-01
7.876603351877471404e-01
-8.233758710894445443e-02
-4.140199482752948690e-01
-1.771725119972161477e-01
1.271562326025087675e+00
6.428256301177472098e-02
-3.386963900667543936e-01
9.713323935488791250e-01
2.415539758633089562e-01
7.681194277359384426e-01
2.716605750748414261e-01
3.849712807756192623e-01
1.001152025496181652e+00
8.456848736382278631e-01
-2.407360814347104805e-01
-2.015920272816288938e-01
9.024474682133837300e-01
3.463842800543842082e-01
-5.411831239346477362e-01
5.281204036997174667e-01
-1.548987882484479661e-01
-1.654043011173759459e-01
-5.831334033578909892e-01
7.252354052370534321e-01
3.455144799939307010e-01
2.658177570151324942e-01
5.400835056378400223e-01
-3.764906852054814013e-01
-1.212777078169019473e-01
-1.716164491406052262e-01
2.115129307954605534e-02
2.345263781359364641e-01
9.559407783782425394e-01
-3.552021580471466378e-02
-7.874763755283702427e-01
-1.734711040698707907e-01
7.305529314100518423e-01
1.955361332889786474e-01
-5.688126149550597477e-01
6.798805551681312842e-01
-9.557196485052973922e-02
1.171176096035236452e-01
3.549361428396214380e-01
3.815594839152331441e-01
4.223905717181705155e-01
-6.930634110812666782e-02
7.753911862189321047e-01
5.391014671246610046e-01
1.626227274114259158e-01
6.501460487828963908e-01
2.276344919067882500e-01
2.155621805106971434e-01
7.671236446973228595e-01
6.062133105579982084e-01
-1.461163335165799604e-01
-8.752562446424618781e-01
-9.448810365257924726e-01
1.295742823194689364e-01
-2.927488767225732910e-02
-3.616569233024185537e-01
-3.728542281846695117e-01
7.196358198361090253e-01
-4.523850703126772177e-01
-4.508774988785265725e-01
