7.828086851984541461e-01
1.033341531283829551e-01
-2.547378248566190342e-02
6.836104527858837265e-01
8.555113992839211701e-01
-2.937749738327892768e-01
1.082341034163761401e-01
2.609624289991165358e-01
9.803257116393829795e-01
1.227351217422224749e+00
1.461090449990197215e-01
-1.715525592546000011e-01
6.019380570648880102e-01
1.026729285050211216e+00
4.933359408365617926e-01
-2.371741448175775369e-01
5.720322096601648809e-01
2.606443064763342421e-01
8.630264622722727541e-02
-7.718011217540635682e-01
-7.734372160716630473e-01
7.353047148988024750e-02
8.964607978419069090e-01
1.147837342976343988e+00
-3.660639402111345864e-01
5.789734496659550977e-01
4.259845369622930478e-01
3.841687928980436900e-02
-1.755215918938766717e-01
5.090278959997283081e-01
3.865595413274909853e-01
4.983461072456119578e-01
9.625606579741026458e-02
1.663747916388966935e-02
5.590987456930299748e-01
1.583050238565343604e-01
2.205098976468043703e-02
1.011644043254762843e-01
1.504742461651586427e-01
7.127022748966835852e-01
-4.989360270651529428e-01
5.479779836039502111e-02
-1.820800631301145722e-01
3.747333619831088591e-01
-5.287223961824941698e-01
1.271855629908358543e+00
1.097380249700223409e+00
2.397007059347628366e-01
8.916091434536503879e-01
9.370995854672107273e-01
8.421610076750222218e-01
1.846919841565098086e-01
1.102262145791778947e+00
7.174467693158467219e-01
7.700834082129121017e-01
5.951115222237470803e-01
-9.364829333239579889e-02
4.157620794696155198e-01
-7.583906489140601788e-03
6.619997102573011993e-01
-2.349100691477507274e-01
1.558291641017274021e+00
1.163871073262646716e+00
4.810606489200527913e-01
5.684379069387731492e-02
4.964772016478839478e-01
-6.721200762579519761e-02
5.139653773910877327e-02
-1.752739681773576308e-01
9.431575002339158686e-01
8.409679863454438964e-01
8.582361340348152456e-01
1.349412365285897752e-01
-2.981063633970567062e-01
-4.428343107878972562e-01
1.043313977361525868e+00
1.057877534202362746e+00
8.739423242469042119e-01
7.497664020845107302e-01
5.865840405152690229e-01
1.096364844393469956e-01
-3.778640277572842265e-01
-4.852286876483367650e-01
6.868789959731861350e-01
4.249645082871350010e-01
5.744122067735346615e-01
8.082230069986547083e-02
7.841569141905274654e-01
7.975106605525466019e-01
9.335491732278717869e-01
2.374135051474163538e-01
1.811855672936039385e-01
5.990367256710796839e-01
6.367890476647620757e-01
3.064587773478060218e-01
-2.515471269486462824e-01
4.703619693122773060e-01
-1.303307486333259435e-01
1.047243989409065712e+00
1.495102467582416050e+00
2.357128012542436257e-01
3.834172965855830451e-01
7.203323885075313404e-01
8.441343360256201023e-02
1.029586708801831924e-01
8.226144508183991233e-01
1.611178432862667931e+00
5.359305083647026846e-01
2.287866179739090899e-01
-6.494918922736511724e-02
1.269060611624762913e+00
7.976573153914496839e-01
-1.031212654640929205e-01
5.911967393417451033e-01
3.254699245060132390e-02
7.195798112483786646e-01
-4.264287664371578801e-01
5.187043352084070857e-01
-1.264490390011452359e+00
-9.669070638576598986e-01
8.966682121513971371e-01
