-4.223696997534407971e-01
2.421476275422864699e-01
5.832140603010296243e-01
-1.574678419880456148e-01
2.297901006257416223e-01
5.980233898086251276e-01
5.619890993061865681e-01
3.910531433900340526e-01
1.226173077692145619e-01
6.695262272414752580e-01
-2.991913820202845575e-01
7.862603903685134732e-01
1.389247309802702279e+00
-3.748165995191365257e-02
4.050112006195514258e-01
-1.270287215412163884e-01
4.695351927374635803e-01
-1.806046108784746529e-01
-8.588805670399870529e-01
-2.689485186915323567e-01
8.466210576180696612e-02
6.515266428871065996e-01
9.365667916304204477e-01
1.001524294784065683e+00
-2.636117612130285393e-01
-5.478234841846846281e-01
6.829764818154880901e-01
2.171998807166694023e-01
2.317805545006775547e-01
1.002811902825373469e+00
-6.693150474493534396e-01
6.517093512594953619e-01
5.126711177108574935e-01
2.387734613180523546e-01
-4.501924753711241678e-01
1.312790431320487450e-01
2.916266359531247132e-01
5.567824702769178513e-01
6.700483404505438445e-01
-8.284471822050750722e-01
5.511476365552655521e-01
7.389262532520075588e-01
5.573233656718410423e-01
-8.579892532392556503e-02
-8.942153703098928430e-01
9.016194216330525313e-01
-6.027807203575773487e-01
1.621759609671383495e-01
9.730364685940449121e-01
1.395974820057466204e-01
2.482083610178958261e-02
9.905165980476050569e-01
-1.756357017052969094e-01
-3.030322824809619231e-01
8.594549727443313580e-01
-2.102816222039345373e-01
6.232309043166205376e-01
2.267292832212528531e-01
7.318797525814407789e-01
1.192917990746927837e+00
1.442029017259686685e-01
-1.033857796164863868e-01
-1.962671126763311513e-02
1.443031599907045326e+00
4.621635419501087805e-01
-4.893060944674041957e-01
3.574224727458594209e-01
4.273204471031662455e-01
-1.237704145362098079e-01
5.418457520759203394e-01
3.738523061843002648e-01
1.020016652095006859e-01
3.571659485200671114e-01
-5.493053300800525562e-01
5.806166198464945971e-01
6.692562288196451936e-01
5.875958901178470750e-01
5.630174227102852091e-01
1.352513801847304187e+00
2.671143242631123793e-01
1.585379998223317433e+00
6.584201404272654878e-02
-5.755560303264718042e-02
1.102240579982534247e-01
1.411440408215039639e-02
1.356179976324906923e-02
5.530535285843579674e-01
5.721422025218181329e-01
7.532733150234065256e-02
-1.653585866216996519e-02
4.839879709238322225e-01
4.815102315178896863e-01
5.601246613685554321e-01
-3.794185669757974000e-01
9.941939719103650708e-01
8.191684086239528484e-02
-5.463845655756272013e-02
1.626474429996239701e-01
1.155057897915484633e+00
-6.011846814971286701e-01
7.154679453746443096e-01
-4.316582036546359191e-01
6.259844548706516854e-01
3.320210355042970130e-01
2.130826973252499812e-01
2.001584145560064698e-01
-3.603386500895215949e-01
3.144015423813799059e-01
6.232425488934834057e-01
9.542493374468697942e-01
-4.710074455142765348e-01
1.342803149626404721e-02
-4.595641362703678512e-01
-1.331068193355814111e-01
-1.560897091711571927e-01
-7.092940952479475092e-01
8.597983885504341117e-01
1.216516061969403539e+00
5.370579925727937409e-01
1.448919314076778875e+00
1.049150882120072625e-01
