-4.322925946792527396e-01
-8.749375138702063515e-01
8.755350700454679336e-01
-7.102040256900142845e-01
-3.940150765592164706e-01
4.878552235026684114e-01
1.490408980422814667e+00
4.388145982134346035e-01
3.422605803283350623e-01
-3.253064005442586892e-01
5.399569515613511506e-01
-2.691225231660124284e-01
6.512199384747160424e-01
1.417904809536110422e+00
1.851241435910942146e+00
-4.220068806857399935e-01
1.506368934451377539e+00
-5.223853078067773881e-01
9.414301922408804257e-01
1.645175538838078433e-02
-1.258100293477031117e+00
-1.438789501172031970e-01
-1.775287488161829130e-01
8.657273076688235536e-01
6.470944322387622849e-02
-1.784632189949079684e-01
6.733308155321792166e-01
4.962647209770362777e-01
1.925945606546519695e-01
1.236762488585999131e+00
-5.023222034126454405e-01
2.708996514294883529e-01
5.621963972649720587e-01
3.354803614756134977e-01
3.271896786098200671e-01
1.346831737106313209e-02
7.559761816926170441e-01
8.595017116468833818e-01
6.863159704330042965e-01
-2.106717205130561321e-01
6.108566131331666371e-01
1.240962142740368979e+00
3.391430628517033696e-01
-9.953350780895440231e-01
5.835943750387727336e-03
-3.664195762643590037e-01
6.916523359300844609e-01
2.314933150823822228e+00
1.611988233013769811e+00
2.149922825455515274e-01
5.694764761994571822e-01
-4.437818692274966836e-02
-6.163606979079141457e-01
-1.864209692091243764e-01
1.484695247865165157e+00
-2.445939784056888611e-01
-4.541175618677281145e-01
-5.793914579936749742e-01
5.915073012456614210e-01
3.292354210658721136e-01
6.549666343529807477e-01
5.728899997771291774e-01
-2.800083237260802757e-02
5.650097164070057021e-01
9.779739018225062086e-01
2.456261186184672818e-01
1.722494815092882936e+00
1.166005394069377088e+00
3.896874439406808888e-01
-2.778796534608043295e-02
2.657461275996969352e+00
1.869136719847402039e+00
7.537713629964390982e-01
9.160098112880337151e-01
-1.332643159176002956e-01
-4.039146767934378435e-01
5.205817799160774584e-01
-4.291319816416379607e-01
2.259883601214561222e-01
1.473483755963817199e+00
7.563862995501250408e-01
2.831767592319443527e-01
2.427460803298749775e-03
1.386489695645228837e+00
8.213738806213214394e-01
1.199870437640791820e+00
4.096127714254810814e-01
2.280828889578364604e-01
2.309480472500829995e-02
2.195755281393962366e-01
-1.467401967976393662e+00
1.409261849864800631e+00
1.080343061984466946e+00
4.957000409325751922e-01
1.879031365464440412e-02
-1.392371351000843416e-01
-8.378948455804574591e-01
6.431270478727426632e-01
9.575302450602091175e-01
3.747674804247136948e-01
-1.392169805418609574e+00
1.545784075982961081e+00
2.605168327931882133e-01
5.604518106041629644e-03
8.550305335084297242e-01
4.666958578047700201e-01
8.312388522298495008e-01
6.455320761852474387e-01
5.218701453206162633e-01
5.200025228585771764e-01
6.855055455801686293e-01
6.088214991827263223e-01
1.018064010271898301e+00
-2.542519692926437980e+00
8.328624971739609917e-01
1.801388452803373563e-01
8.779068575520034834e-01
7.680886415811648549e-01
-6.288814435556042692e-01
8.407601655534887586e-01
-6.452579753024233478e-01
