-1.239895418494493473e+00
-2.638593700554946242e+00
1.987424828639537122e-01
3.479059095466579543e-01
-4.176234877065673201e-01
-3.081599497989200853e-01
6.057709487632642054e-01
-5.948267171674060938e-01
8.902248155352643355e-01
-1.922581615599910698e+00
5.408047636401567271e-01
-7.135472827121761008e-02
-4.341426617783245567e-01
2.575953003236641434e-02
7.209976944285184652e-01
1.198357491180551015e+00
-3.839972108629504666e-01
7.422108200997262761e-01
-8.936504644387364138e-01
4.635223457817437276e-01
-4.507097044825211229e-01
-1.830550072449074639e+00
-1.897762090673830615e+00
-7.127860804014971574e-01
1.625785684099676220e-01
-6.345101096279881503e-01
6.244615475233485924e-01
4.724367929025322099e-01
5.556017760475441269e-01
-1.525742917621161654e+00
-6.096579162938667862e-01
-2.387228245742978039e-01
-3.902860196210796717e-01
-1.719347448212268370e-01
-8.699355416946835673e-02
5.327090667646425803e-01
5.743641552927802874e-01
2.088612904389733904e-01
2.976541620072292726e-01
2.129510552412649249e-01
-1.169083824977036778e+00
-3.469822449881074800e-01
1.365316111651964537e+00
7.495749139187930787e-02
-2.279277926415023803e+00
6.860575884799791080e-01
-1.197708365021810523e-01
-2.644645845234309123e-01
3.394508972330877450e-01
6.067946041545505542e-01
-4.617971976095109343e-01
-4.605457764793270403e-01
-4.667016563685532637e-01
-1.029681274779021549e-01
-5.106914536393218906e-01
5.522082237494921331e-02
-5.387652272515515151e-01
-1.391850529076245735e+00
-2.071989680767592823e+00
4.628992236415158112e-01
3.001706177958838873e-01
-8.474308525371964107e-01
-1.158473808703988223e-01
-3.431426504971421543e-01
-1.532264869714839550e+00
4.245466925058402619e-02
-8.228674467812977511e-01
-6.556302564177074466e-01
1.626552122714804427e-01
-2.224329598047458667e+00
-1.208040988551855044e-01
9.941948534232519785e-02
-2.088452398391949794e-01
4.511633652957799945e-01
-8.209015441138012292e-02
6.510109240093518990e-01
-6.555885569675466984e-01
-3.147800898211938758e-01
-4.162868012810221341e-01
-5.148808616108901948e-01
9.121225441249701804e-01
6.444040105162643917e-01
-1.810989754519316985e+00
-5.766846448111955237e-01
5.447965089704803754e-01
5.868409698123318030e-01
1.084605161070398616e+00
-8.809933199826754935e-01
-1.637071856037089213e-01
1.429978409376111703e-01
-2.371698451182024936e+00
1.454843663952345156e-01
-7.387071188365992302e-01
-8.441226601269448127e-01
2.639673314348205957e-01
-1.941215616568216507e-01
-8.296524204468529451e-01
-2.557156613450271565e-01
6.939909842485650904e-01
8.937516246476651105e-02
-1.258699298205753214e+00
-2.634094516664071128e-01
-4.608862025182337563e-01
-1.190205510879114081e+00
-1.922475671654813034e-01
1.914761989005249743e-01
6.630347798378512236e-02
3.909323175528122696e-01
-2.292498446160509407e-01
-6.877190999255253234e-02
5.320505067132804689e-01
-6.244919871108952636e-01
-2.061695194774684659e+00
1.805975159475259328e-01
-1.037836300005646084e+00
-1.721482499852014791e-01
-6.998492545023455857e-01
-4.965048542648392571e-01
-1.305545172568471468e+00
-5.864422134117140972e-01
1.125768955757982109e-01
