3.606832267985736751e-01
-2.822931917854444236e-02
2.494274257738698930e-01
-6.399897587921506148e-02
1.623924836434781360e-01
5.306522051053522704e-01
-1.360916933097122417e-01
-3.090507366483185581e-01
1.432933111428240647e-01
8.603593310057910948e-01
-2.775452553285975843e-01
5.221923476380286866e-01
-5.195587129124844550e-01
2.858524700313803124e-01
-3.120513878955473164e-01
8.930802879759925927e-01
4.612842588605820526e-01
5.112706245409005534e-01
4.279066536622525008e-01
-7.506088108396219427e-01
3.855711764234992511e-01
1.309489222657609919e-01
4.832496627529856981e-01
3.473954349948884524e-01
1.091829301113037110e+00
3.362598067027605109e-01
8.363649908926219512e-01
3.991018658427742394e-01
5.124283276873977666e-01
2.057794036070909327e-01
4.138610903922503859e-01
8.906140166495083443e-01
-5.932602254379527595e-01
1.140826658002448646e+00
1.840577988647309760e-01
7.392928432914305237e-01
6.159728554466518124e-01
2.316971104349575122e-02
-2.748423254561709883e-01
-1.347400866299270250e+00
2.682438944195905117e-01
4.068082175638010334e-01
5.528937924399304205e-01
1.190930653653021754e+00
1.649955689625891564e-01
2.431729860205700255e+00
1.032791444817236837e+00
3.992394367793620225e-01
9.841846059565048099e-01
-2.420016641944433902e-02
4.104084583356718552e-01
3.429674966869381558e-01
5.441411896042339658e-01
1.570950658519489451e+00
1.205781931498755011e-01
1.337864070118830240e+00
6.345041502733853589e-01
1.468271343809838536e-01
6.246020930777067548e-01
-1.208407074044579865e-01
-6.537843860741315849e-02
5.957041782905939664e-01
2.889125673718235254e-01
6.022697124393447954e-01
1.036472192782496471e+00
7.347888442257727304e-01
-2.772117762922841622e-01
2.559915063116487421e-01
1.030915783018788584e-01
8.989404353486580845e-01
6.203848777730706088e-01
7.046805075320428102e-01
-1.247339016928222660e-01
5.128070897419906293e-01
9.060215793622096170e-01
5.960103266111058673e-01
7.771549505175869843e-01
9.579160325889068961e-01
6.432584865107843219e-01
3.193484125435268051e-01
-7.960299940848176714e-01
5.194981592027728690e-01
3.728032553626348666e-01
-2.384595636445351330e-01
4.424741604880975121e-01
3.223112406204689528e-01
3.784910906563676569e-01
-3.581486841406911759e-01
1.004320033524892242e-01
5.115243198649980227e-01
1.234001822327515929e-01
8.435460293442731405e-01
-1.293489503922200246e-01
1.206530860267128052e-01
6.017057513696502102e-01
-1.230486032066488294e-01
3.465441398312885113e-01
-1.252938621561878185e-01
-1.224167460844272221e-01
3.596186561263003956e-01
3.426841075659378122e-01
3.989944025244651082e-01
-5.096719059801086554e-02
7.059514304287650699e-01
8.144830453418768768e-01
3.664265170785774295e-01
1.482652928867018050e+00
1.758753342970025557e-01
-2.098186524084762195e-01
3.168537585340878704e-01
-3.962751816757976997e-02
-8.183844884841556810e-01
5.622966502708284242e-01
5.656382656805952758e-01
-6.064677378498015831e-02
8.991171924035150642e-01
6.174928279032953354e-02
6.588049952501745521e-01
5.294458103047678943e-01
1.145680109108147826e-01
-3.740042150715129632e-02
