8.576644138134930095e-01
-5.778990382516361463e-02
7.741490603140795956e-01
3.256787754887136010e-02
-6.499723396774418349e-01
1.155758823202725383e+00
8.523285128082648265e-01
8.749294757500115649e-01
-5.152086649367707549e-01
3.574504291456186977e-01
4.494296736777405460e-02
-5.096580421826722995e-01
4.848040610160072456e-02
2.001055067945046173e-01
-7.240387109816833755e-01
1.441566693046211434e+00
3.357396349622076559e-01
4.530428564984075313e-01
5.427702920837019773e-01
1.234551420330431970e+00
9.486529058202158859e-01
5.340610206227216494e-01
1.596668944617433139e+00
4.859939857764730697e-01
-1.367077859631384174e+00
7.623121297316010070e-01
-1.989686053511828534e-01
-2.431395154298538960e-02
8.261719008408590081e-01
6.993534512171765138e-01
-2.552036341005074482e-01
5.185965401029328514e-02
-1.000372405104940354e-01
-9.818274175959635919e-01
8.509316044037741611e-02
-9.830276402186555185e-02
1.190183804323535766e+00
-1.955562575201203190e-01
2.144880709531215429e-02
9.305188064267098103e-01
-2.883039621293435051e-01
3.153972192060925939e-01
1.072413750352946060e+00
-1.629384817522170070e-01
-1.349088294821628453e-01
1.334587259639476997e+00
5.207494672011285797e-01
4.391022404360828135e-01
4.532891062729214049e-01
-4.143655766585939426e-02
-9.719004757527319738e-01
1.546053741333007547e+00
9.899082077479569586e-01
1.799386310745229922e+00
8.181149007413299756e-01
-1.556580704951461003e-01
1.857143212016049982e-01
2.874551664446003851e+00
8.445658220681180606e-02
-2.454540668095168687e-01
1.425252587351074407e+00
6.031986067784080863e-01
1.989483422949277935e+00
3.671441767860931238e-01
-6.725882119875500886e-02
1.096305638050226960e+00
-4.425056029553333103e-01
-4.165230589648996617e-01
-2.243324896966063520e-01
1.956245294334354012e+00
4.406703463900706885e-01
-6.777548441965433046e-01
-9.759448663094538734e-02
3.070467311595596049e-01
1.066017157617804356e+00
-3.359391777927687173e-01
2.237855314069754076e-01
1.377470845503673935e+00
7.495648078740188014e-01
-1.144026418133278905e-01
-8.824941959877586894e-01
-9.468997021744377518e-01
-1.374458663223757371e-01
2.442084612692561330e-01
2.330920699826745934e-01
1.079384214664166897e-01
1.943445747571759474e+00
5.889007408444312253e-01
1.091756284544875166e+00
6.488666136105951665e-01
1.108837114659766594e-02
-5.805786461374530250e-01
-7.076371980252695870e-01
1.439310554459390712e+00
-9.043199149134251158e-01
1.165817512675205947e+00
1.229296595874292519e+00
1.195392180403696214e+00
3.013781936923088933e-01
-1.016331514731689811e+00
3.095771492144080983e-01
6.306833153663521374e-01
1.911364935691253431e+00
-4.699690819383271594e-03
8.411710809043474457e-01
5.701415655205323008e-01
3.775262418567334466e-01
5.920610727790556194e-01
-3.248077904659925075e-01
1.219595547757675869e+00
2.943572919199350379e-01
1.359442292720117962e+00
2.283274664124960718e-01
2.072269508949341477e-01
-4.390672379200712960e-01
-6.824108721702792923e-02
1.107696414629978920e-01
1.139016966156908284e+00
3.393417730532513055e-01
8.690461490757391827e-01
-5.175584423038176451e-01
