6.535516988420003726e-01
-8.561554552629463410e-02
-4.288619790954152355e-01
-2.644555644581179643e-01
5.756135141079564699e-01
4.171412669733800538e-01
1.983103780362905244e+00
-3.166688936096500040e-01
6.966083993293974430e-01
4.344388429730738910e-02
3.530925893382250158e-01
-4.237333959931097738e-01
8.542239647962832638e-01
-1.844617923431569606e+00
1.583650385827430007e+00
-3.904607231982780702e-01
5.579750659141567981e-01
5.905967851975918448e-01
8.676852151125381551e-01
1.142653206619926198e+00
-1.839519207802274292e-01
1.169404549804258231e+00
4.854151447517404683e-01
1.520454012700264961e-03
1.144771692181780209e-01
3.064060134750027919e-01
3.303974947596418077e-01
-6.330037662482893568e-01
9.550697474414026056e-01
-3.828775996814154925e-01
-1.772537301951993827e-01
-2.860362881849640715e-01
3.997779589650157228e-01
-1.038264477799412042e-02
2.622419283692336567e-01
6.222779394952825116e-03
2.108024053504020667e+00
1.298388306375517776e-01
3.573447982329448491e-01
-2.181808717179325730e-01
2.167275392725408201e-02
1.770173126487573301e+00
1.126842845340248589e+00
-5.709565332459384246e-01
1.725687577026230768e+00
2.676488419248923556e-01
4.374745144012258669e-01
-2.839036891466673040e-01
2.217644595464817847e+00
-6.285174649041124217e-01
-8.401873639613860467e-02
3.286089995591854884e-01
4.117421544534876077e-01
7.504869262987857725e-01
2.027824226944435537e+00
-2.473503328296105530e-01
1.653908285364284581e+00
1.500765184291032117e+00
3.933676656669000127e-01
2.061667726028155734e-01
-8.267732856957338283e-01
-1.449764824738913882e-02
-2.149819166375647461e-01
8.275098445978708028e-01
1.446211923197296745e+00
2.186661448731321844e-01
-9.004583889980606326e-01
1.002092408778759713e+00
2.218314713168705321e-01
7.619040055840429204e-01
2.656582064349795047e+00
5.033192777194340772e-01
9.830553150828168496e-01
-2.086264911488628360e-01
2.681704541259675723e-01
-5.610865131743257850e-01
2.270882805459911058e+00
1.041995848741349651e+00
1.906311608029853444e+00
2.004306042621328388e+00
1.898366863540818406e+00
2.169053713023491037e-01
-7.531364840719617648e-01
2.035660204391078476e-01
3.640473018092270086e-01
8.222282351825657143e-01
4.997810224526573197e-01
3.790377768792083657e-01
1.678961229570036517e-01
-7.796938422911520172e-01
9.627441841068632433e-01
1.233259689071832366e+00
5.984202601814885281e-01
1.283779515943101135e+00
-1.242985719714501780e+00
8.436319293455968316e-02
-2.269861096706410342e-01
7.792337414410884788e-01
7.428358498735316839e-01
5.828583510413435365e-01
3.981527439559694459e-01
6.505211415807776731e-01
1.010191659662539987e+00
4.474632320956368758e-01
4.343583701723171542e-01
4.569501567005291864e-01
3.713859692972305560e-01
4.161250882567514298e-01
3.772586920007969247e-01
5.794370817818645936e-01
9.947516557162280892e-02
-7.172536840503088151e-02
-1.671179440171804087e+00
9.866623410938580863e-01
1.139516904192368951e+00
2.495473745260367582e-01
9.481845902553330818e-01
4.679631268287184898e-01
1.456819610429079148e+00
-3.266804009431682476e-01
-3.277490391326293162e-02
