4.520304409119528799e-01
1.285090665721219771e+00
8.069141438744276140e-01
4.287276523759158131e-01
1.051121325590280486e+00
1.369379165665765008e+00
5.278541857495308021e-01
-2.372287338450167551e-02
7.758426920089996903e-01
1.128578525734494492e-01
4.249833450948463098e-01
-2.102013664698432482e-01
5.753462221991533232e-01
2.233154308145637867e-02
4.018441667830826430e-02
7.056970399806686833e-01
4.593396027060226428e-01
9.803292435801834737e-01
-4.972129177136553890e-01
-2.722164835807207584e-01
1.102448071278943509e+00
5.905323949703026321e-01
1.926497511913417282e-01
-5.142243962051930017e-01
4.246977482236556356e-01
-8.097261112273302919e-01
-1.735718668748237048e-01
4.378846258911677780e-01
-1.652006583543207396e-01
1.667339838280522402e-02
2.770566080146350529e-01
1.252933801329435770e+00
5.871021175060113784e-01
-6.569360757723832211e-01
2.003347023725051412e-01
-4.326638275316174731e-01
6.381134707846949361e-01
6.198677512055479344e-01
6.409509895544664992e-01
-7.397080675838763053e-01
6.728667961076428838e-01
1.158322942655144017e+00
3.171502281695723346e-01
5.969314153345430807e-01
8.479168219394388473e-01
-1.355190220956777325e-01
8.220646697390162627e-01
6.418521491338627927e-01
8.590387103304710781e-01
1.542420200764119453e+00
3.966137391177962934e-01
9.965106646390617939e-01
1.457746711143957929e+00
5.320537260796769363e-01
2.027501959761366102e-01
1.445150451067477082e+00
8.605603280817722966e-01
9.280754196641969322e-01
9.354405577739950406e-01
1.341678611306472924e+00
1.402312107116200801e+00
1.125793611809755568e+00
2.266381568257963275e-01
1.448489442388041448e+00
1.020104609677894070e+00
-1.581455087763447009e-01
3.896660843705566091e-01
-1.443909934104621422e-02
6.427115160064393873e-01
1.413296047184378734e+00
7.406113009800907587e-01
-6.633590288490995857e-01
3.807264805055741719e-01
5.917212886250885484e-01
2.383738423260730876e-01
5.227262790802665871e-01
9.174609506597682929e-01
-3.403366311539723910e-01
1.226841171158101984e+00
3.616728020600041837e-01
8.611755375393806977e-01
-5.377050647709298303e-01
7.205859132782947984e-01
7.130496302243266582e-01
1.127337193173073432e-01
1.298345438560480458e+00
-2.182207587499691293e-01
-2.864944185077247796e-02
2.480950003089240491e-02
1.394832400374248049e+00
8.300720911383183687e-01
6.291112210671617744e-01
-2.281498143258397365e-02
1.257901481526378373e-01
2.406050877600664772e-01
6.183895104319506730e-01
-1.652681232598774697e-01
9.076053967527611954e-01
-1.732050369743085849e-01
4.288726159464874010e-01
2.272631122643024026e-01
7.503790548284103856e-01
-3.238991880510888599e-01
3.141610323765400836e-01
-3.570224717200957687e-01
2.536287429596966181e-01
3.639056669204095984e-01
4.340306684660751868e-01
4.083824509149118209e-01
-3.229360662380165725e-01
2.446729816320724615e-01
7.185705394025718729e-01
1.411823882228207427e+00
-3.399457251862179896e-02
-3.603290075956687710e-01
2.086262763260156583e-01
9.422769164035960099e-01
3.680656605003210236e-01
1.166975131614801153e+00
5.810814095186424000e-01
-2.916443152262944150e-01
