-7.644247170029860872e-01
-6.283792246789740021e-01
-1.085918693972888066e-01
-1.083530526954083195e-01
-4.259508430971060688e-01
-4.437148563536428419e-02
-4.810632391475987424e-01
-2.258429151532678411e-02
-3.412581588482507811e-01
-3.059341563451908330e-01
1.660190244465836185e-01
8.029877987048921195e-01
1.127668681598268385e+00
8.634778376232438157e-01
-6.668543992566845491e-01
3.102069423843046847e-01
-8.762287457986654982e-01
1.068442509566099208e+00
-1.108778523997201587e-01
-1.536844917498164931e-01
-3.293299723694849135e-01
4.395560223593823479e-01
3.520755536838782729e-01
-1.137455904927609840e+00
8.448302352367847989e-02
1.187149603034331063e-01
-9.818518633776222027e-01
-7.202077743079646766e-01
1.946698260564127259e-01
1.234679776086265113e+00
-2.310941996418924838e-01
4.738406869658674525e-01
-7.329358507767186337e-02
1.728237818260616454e-01
-1.557719411076893823e-01
-5.572237752211630646e-01
8.707746511747740392e-01
-4.914708357055285609e-02
-2.801164762618374993e-01
4.674977125385927912e-01
2.569148221508842922e-01
8.467102546391487572e-02
6.820551464541396713e-02
5.759574934847425803e-02
6.565710737648782214e-01
4.649956782696863522e-01
-2.095924133189091543e-01
3.982609573052606211e-01
3.458359647977918283e-01
3.633987535198791030e-01
1.368657557265970381e-01
-1.961640243661425254e-01
7.303579973351391474e-02
1.012225076751377850e+00
-9.921510749638782212e-01
2.205739159585332343e-01
-4.978921568452038260e-02
-4.459243965511931057e-02
-4.614458429949676588e-01
-9.173303670679643085e-02
7.387804683429445574e-02
7.890172693685861827e-01
8.584064695330053674e-01
8.045661085454884898e-01
6.655445361569213292e-01
3.415613497345799665e-01
4.595387552098065820e-01
1.345300398725151059e-01
1.176967512289247564e+00
7.142205850577107995e-01
4.287834302345846504e-01
-3.787892823335568537e-01
1.242018184063623742e+00
2.506578374862784564e-01
-1.789921987910539081e-01
8.325277585039173589e-01
-3.320467711519521359e-01
-8.254660056542363622e-02
-1.414499631035864291e-01
-2.407867606078395450e-01
1.860788625902426163e-01
4.035480597421471360e-01
-8.662168366735155667e-01
-9.903785068466094410e-01
-2.182566957795199492e-01
4.140124867429252342e-01
6.358388033520513405e-01
-2.667697088186524179e-01
-1.035275636481725048e-01
-5.443694507130403260e-01
-3.936682638880322216e-01
4.642161315660051635e-01
-4.214662505052954034e-01
-7.340794753522950078e-01
-7.056965501748498071e-02
3.669777305934717182e-01
6.167716917697479984e-01
-9.604553861456828212e-01
-1.048143472056234371e+00
-3.053521391530831380e-02
1.590396467887679743e-01
1.475673415349826323e+00
-3.797448445632027880e-01
2.236712126918783128e-01
-6.362695694587149758e-03
5.066101937068946404e-01
6.113964813449530161e-02
-2.604662999942455870e-01
5.725598229239051706e-01
2.282189496226977310e-01
-2.746964914261629809e-01
-4.509089876328691293e-01
5.018153421773389189e-01
4.510083371959799914e-01
-1.229926352994106104e-02
-8.246437651417808101e-02
1.322132603270792517e-01
9.316968087088011163e-01
-2.508038643925560307e-01
1.448328791265433013e-01
1.739849151623733270e-01
