-4.957815398561176701e-01
-2.995574833143855309e-01
8.976507077934149370e-01
2.935791809193313839e-01
-2.194229728208372698e+00
-7.642469674980755245e-01
5.598656257141644277e-01
5.108431225715097668e-01
2.575692175076977342e-01
2.507007284180162027e-02
-4.273659605299341968e-01
1.341792108037921927e-01
2.468830494926181340e-01
3.253319031102621522e-02
-3.779095254889866529e-01
-1.353275371790897963e-01
9.466764941944290079e-01
-4.508270531798427294e-01
-4.850069032166807736e-01
1.446873730518006163e+00
2.292128322558515674e-01
-1.184092196933992369e-01
7.642431467363288711e-01
1.080825214012867796e+00
-4.577023645912008942e-01
1.069959005876866022e-02
-6.754226803969654025e-01
-4.879560887128539526e-01
2.066023969659180198e-02
2.345594772955209295e-01
-4.397343192820013513e-01
-1.311694677046138846e+00
-1.323378221325408333e-01
7.901215130640263373e-01
1.704872809488515439e-01
2.436149789278398980e-01
1.035454641850406532e-01
1.144837468835707917e+00
2.655437806712756532e-01
6.032568017949897499e-01
4.311268429099553434e-01
-1.280041470931456427e-01
5.671355281885061966e-02
-7.270952701600313928e-02
9.124611405934378583e-01
-3.169236642017513317e-01
3.911431751815347413e-01
-8.603510282339547066e-01
9.492499329193775370e-01
1.231858767697602497e+00
1.425612834251959449e-01
1.628537717506747029e+00
-1.975290912823495781e-01
2.350258316019014915e-01
-8.692626904078090133e-01
1.045076691401761959e+00
1.320606432758882898e+00
1.777496212910126272e-01
-1.070155604013820483e+00
1.893262771938022671e-01
5.440271324692040611e-02
1.202248812462788363e+00
2.159267548925329627e-01
8.935316381166660271e-01
-9.257792561947878474e-01
1.753576534083266969e+00
1.297095591918542068e+00
3.986105477660300545e-01
-7.487110657749802556e-01
1.222266510280167529e+00
1.271628602140776332e+00
1.509179604220055149e+00
1.415656843182185876e-01
1.840974405443999817e+00
-6.290385675332208493e-01
2.384628743550135654e-01
5.235527288970028836e-01
4.321688251978216266e-01
6.336944727798551336e-01
3.767055036005526603e-01
9.185122015397258546e-03
1.124397270442454966e+00
1.026531696773241992e-01
1.233228788408137072e-01
2.279953684567854189e-01
1.668415027699594599e-01
-3.183696003786097850e-01
-3.614978702400372113e-01
4.260244828260711936e-01
-2.963976431544078360e-02
8.637983780064728556e-02
2.973583933182128547e+00
3.710570304588717283e-01
4.036324046176492653e-01
2.592568874822588354e-01
2.752527718424741532e-01
4.943083741635413975e-01
5.211567320267567194e-01
7.235792234367711684e-01
-3.723846679100363821e-01
1.280755512993628109e+00
-3.549950281384648409e-01
-1.052807133021899967e-02
1.342428252050697601e+00
-8.156046379548718139e-01
8.961290217229865851e-01
-8.744321209913455406e-02
-1.295581832081551310e+00
8.411899091765904224e-01
8.625085388453834767e-01
-9.719126545071398171e-01
-1.175958472885737294e+00
-5.278499793408319984e-01
1.484985749725539650e+00
-6.568219904385538266e-01
6.649991744749351730e-01
-2.186721174494849762e-01
1.150097447286513974e+00
-7.686964772216690056e-01
-1.666676493525705016e+00
-3.793675264530390057e-01
