-1.458223878732122225e+00
-3.202060971067233197e-01
-2.074434660708113665e+00
-8.769736173495652487e-01
3.809272550357963721e-02
-2.114088728181617305e-01
-6.277593199926273515e-01
-7.185148099040578051e-01
6.432689260576130996e-01
-1.105748139318822876e+00
-1.007045559423086267e+00
-1.097311306057256741e-01
-2.495400214162671326e-01
-1.686355616457893003e+00
-1.484744771898377724e+00
-1.661342334575718893e-01
-5.764939194940794653e-01
-1.376300690613590838e+00
-7.372452099472268094e-02
2.783774725476306222e-01
-5.693698079095702580e-01
-8.464055621782368144e-01
-4.249056216917665441e-02
2.397073150371842043e-01
-4.613269928553856980e-01
-1.580484948068761275e+00
1.268318572444800507e+00
-6.468514463316736851e-01
4.170939430234122391e-01
-1.376955080494049188e-01
-6.052624511442330490e-01
-7.127586847111435642e-01
-1.447041990836976266e+00
-3.599719891584636788e-01
-2.761751181455450954e+00
-3.444871967318108852e-01
-8.619912514480386756e-01
-1.521608271155574510e+00
-3.094250126040849480e-01
-8.537163955426880779e-01
-4.611758056636637848e-01
3.575000970978672865e-02
-7.554090045036616630e-01
-1.107046380236231142e+00
-2.479763842378135130e-01
4.483345859824735546e-01
4.146690954971139487e-01
1.650177138701926227e-01
-4.504741411358792469e+00
4.246119905503671355e-01
-2.182598263164672314e+00
-5.897727927573835904e-01
-7.801820992122324716e-01
-9.780556367038001353e-01
9.452782671177065721e-01
-2.731510721015900089e-01
-1.060771433937945513e-01
-4.212610476693727235e-01
-1.849278468318177993e+00
-9.314852210198139026e-01
5.029897311769129797e-02
-2.653834497860357855e-01
4.265120910209738159e-01
2.236611947998636551e-01
-3.455386560589925438e+00
-8.445156428623945555e-02
-1.678412904425252428e-01
5.024989923266898195e-01
-8.709474871863995965e-03
4.560521447663331562e-01
-3.738439834728134459e-01
3.789682288118594866e-01
5.026226561471290877e-01
-4.919224830853989316e-01
-2.286511573789833385e+00
-8.237720836667463686e-01
-7.536674643926352113e-01
5.404340539718394121e-02
-2.836320082275290422e-01
5.748995905488705205e-01
-8.934544212369888161e-03
7.165408414898952749e-01
-8.759710511781365616e-01
-2.338787706617050932e-01
3.840386421095948744e-01
-2.082954913246357342e-01
-1.362150840626447756e+00
-1.068573889243469077e+00
6.361212292489812903e-01
-6.584646287593216574e-01
-1.262622944927474622e+00
2.886415250596867099e-01
-8.938801613988065498e-01
4.820195637943739397e-01
-4.675736256127701052e-01
-8.162899407246734240e-01
-8.321397645074462002e-01
-1.718516655994313247e+00
-3.321621519794716870e-01
2.629699602617550647e-01
-1.118614140943784863e+00
-2.230075105915451938e-01
6.781390415569618080e-01
-1.960727086773889072e+00
-1.386276311311575915e+00
5.113650152141218097e-01
3.927197605396504088e-01
1.114260363372989171e-01
-3.018881481560563351e+00
5.076807167962068545e-01
-3.915418725500360853e-01
4.332322265001486289e-02
-9.615468599523350202e-01
4.438156046823018563e-01
-2.005326098996948581e+00
2.053045203293505094e-01
-5.746683136816188586e-01
-1.083081509695739575e+00
1.822272932316604532e-01
-9.094621077118718311e-02
-1.723890733476048098e-01
