1.145202497817276316e-01
2.140105782404929879e+00
6.604069805243147906e-01
3.472165387478955978e-01
-2.159718860732164902e-01
1.107000755833744021e+00
-9.877084610702668854e-02
7.170721065424037199e-01
7.287984165561629535e-01
-3.879634203683573479e-01
1.066002372328406000e+00
7.047902296768282504e-01
4.669302400653345120e-01
7.122302007231777754e-01
-4.535133363824941921e-01
-3.663234422024113507e-02
1.334259544790298069e+00
-1.137062411456398303e+00
-4.658580183039311429e-01
6.252813764893295767e-01
2.661591183344916289e-01
-2.349435119943228401e-01
1.141345681645503429e+00
3.523359884167837075e-01
2.716029937086629209e-01
5.854049318866642176e-02
-5.397971216104254788e-01
2.265080207377316579e-01
9.250918087363093623e-01
8.301182510138670478e-01
3.649391965652146741e-01
2.011751962210319267e+00
1.193502690857469462e-01
6.695990632688768596e-01
7.068650861169020194e-01
3.272881757504593758e-01
1.064311247103638391e-01
9.678726438401898946e-01
2.389753918740694094e-01
9.165548973103977426e-01
1.119861288928257759e+00
-7.112404341585965017e-02
1.132637841599591466e+00
1.881455480315021578e-01
1.065726775434632512e-01
7.923634840061115625e-01
4.011857253052402150e-01
1.017366525990671011e+00
5.831818615881181334e-01
7.114911878906939879e-01
7.452941388707210457e-01
7.891001960801474757e-01
4.461222994566814148e-01
1.111656807295259286e+00
3.786764251929860547e-01
1.258275623937278542e+00
9.971027232696885179e-01
4.230398716876074827e-01
1.291380753708064322e-01
-7.538524564259017069e-01
2.298353883932860997e-01
1.400606728201021944e+00
1.034036040142744417e+00
7.438241517534583958e-01
3.983724340266389663e-01
-4.090381471127143009e-01
1.360988826351252179e+00
6.330306022381544384e-01
7.497635941229671142e-01
3.451066264580247012e-01
3.055015035508100163e-01
1.275915182411625270e+00
4.531640523905510753e-01
7.217209342405421779e-01
7.799557141311501685e-01
1.280500672595328071e+00
1.179794511788256006e+00
-8.249877383001309739e-02
8.271941105496124491e-01
2.193081722576647685e+00
2.106579436929907623e-01
3.277864769842277481e-01
3.920008672308499253e-01
4.010064414211771816e-02
5.611907670421684147e-01
1.480897536846045581e-01
7.573769258475416821e-01
3.111371719137424052e-01
9.626332384455430491e-01
7.666727202061272006e-01
3.410767600979257574e-01
9.945465068161917221e-01
8.677617856237654914e-01
1.576064514305047348e+00
3.215580619976835530e-01
-3.235202265866639615e-01
-1.878687774296813884e-02
-4.160795154316638267e-01
5.680546652987832346e-01
-2.740989766416376816e-02
2.104966826492095100e-01
3.295654992040867870e-01
4.629205663674579307e-01
6.763424866232879973e-01
5.975878955710062224e-01
8.382871270907631400e-01
-6.360782812442546119e-02
8.153122119083583419e-01
8.239431228632612125e-01
-6.201849619824930659e-01
2.681291593427370668e-01
-3.209608251803415802e-01
3.848879940019518664e-02
-8.217270753083758539e-01
6.245428352224434709e-01
1.170886006284008296e+00
9.427733022297584142e-01
1.354215390405904218e+00
7.483614033410229682e-01
-4.107885760555851640e-01
9.665517545925035592e-02
