-1.872890071684459035e-01
1.003772526525927994e-01
5.595258494933001980e-01
6.078354522773755930e-02
-1.065814564764456351e+00
-3.398455591176869350e-01
2.140892191521369947e-01
1.138864084584362800e-02
5.646552210571151864e-01
4.636308478931006616e-01
2.234536754706181738e-01
1.946278129752880282e-01
4.043374714131455772e-01
1.193834809802543973e+00
1.386915022584264578e+00
2.488631390605812732e-01
-4.709935982531864296e-01
-6.596753543214258775e-01
3.530209221773132899e-01
1.714876649675921017e-01
9.339243631476851215e-01
9.340193835787716781e-01
5.360427218537102689e-01
6.963549740740556659e-01
4.825687830914940357e-01
2.567688814441455580e-01
-3.533583435128526684e-01
6.890230430332975331e-01
-3.343235243418795077e-01
1.496518885916471975e+00
5.112623348277328672e-01
-3.337548320752058983e-01
6.783449611802089274e-01
7.396477386807868148e-01
5.559206717979557899e-01
1.145699362755661976e+00
-5.794641901357402980e-02
6.894957813616678921e-01
-5.861454607536865924e-02
-4.591898016791987752e-02
-2.602094913838930434e-01
6.444952267052879158e-01
6.877343015673778037e-01
5.048887529793375656e-02
1.217483050760218344e+00
6.368418386871945724e-01
2.123021306820816190e-01
4.665771188085637844e-01
3.309504461039131096e-01
1.191502309653776071e-01
-1.329763414364474594e-01
5.018893271433163550e-01
4.946392457501654072e-02
2.545330877907731049e-01
5.635561101441065590e-01
-2.929294738215487137e-01
3.462556009607179602e-02
5.292981794018434272e-01
-5.465657636507698092e-01
1.452974807652265943e+00
1.347809784701752056e+00
7.433530234508332057e-01
6.426977061230029209e-01
4.025137875210630378e-01
9.744476205068079988e-01
-2.279114198493455840e-02
-4.779434888241970714e-01
-1.110415445132797996e-01
6.332593488041649010e-02
4.962413436184943127e-01
-1.688197074899275563e-01
1.327383354417695394e+00
-2.304186291199900385e-02
-1.443753078225652464e-01
4.048787793731022100e-02
7.048688964050824068e-02
5.973671727464717751e-01
1.263859363007750369e+00
1.805757385013789518e-01
1.059251365839232850e+00
1.990545521117070282e-01
-9.150706869853450498e-02
4.294783028106687883e-01
4.599043640946327005e-01
1.725529855370647736e-01
-1.237515915380724252e+00
9.151043901279132253e-01
8.236520913966857149e-01
2.867684435045833036e-01
3.347910575520826049e-01
-5.351655868545276418e-01
1.048903727208928771e+00
6.345897117400230991e-01
-9.212838126156970564e-02
2.555524007778346429e-01
-3.148339089167224158e-01
5.988653408477334628e-01
-7.670719445606680731e-01
-4.336264789267249564e-02
-8.047866614657401829e-01
6.113493392911328872e-01
9.674042030367360767e-02
3.900468443743279352e-03
-8.671063951324992081e-02
6.667729567561540005e-01
-4.852851026501232568e-01
2.972568505395045690e-01
1.695001069496269164e-01
-1.287544463398053285e+00
7.269970699043639684e-01
1.678923687943334742e-01
1.430538581297406964e+00
-3.377920943791186681e-01
-5.265964367989722783e-02
4.148781312180700453e-01
9.670279065523207374e-01
2.128026777732377195e-01
2.026622321656431414e+00
5.097748645563061620e-01
9.507429708348745789e-01
3.559499068014785883e-01
