9.091567410048846387e-01
1.630530717494409476e+00
-2.065396873138235223e-01
8.731665047772793065e-01
1.424496109811212996e+00
-1.107566033896115465e-01
1.018754241823045525e+00
-3.615260841610794251e-02
6.873123205674881442e-01
3.110084662769109776e-01
6.107015448664716573e-01
5.976507343201231670e-01
9.886269601057241507e-01
1.432295016662985310e+00
7.586109644528862272e-01
1.487717276513808029e+00
5.799732202159588734e-01
-9.684157937783434422e-02
1.227037034842491714e+00
1.412346192365764586e-01
1.283190208596997062e+00
1.219095376918788665e+00
9.259829506908393570e-01
-1.539721413834030939e-01
1.319488594431480699e+00
8.002681937228182107e-01
6.966439272622548806e-01
8.197629508515380525e-01
1.455779861844932466e+00
4.644026988232982656e-01
9.096214367222333896e-01
1.350696846225812431e+00
1.121794109518282401e+00
-1.040290128949395432e-01
-5.476847017650524618e-01
1.079881808433076490e-01
6.924361230093648012e-02
-5.521607221003713706e-01
1.039878605759941621e+00
2.735179300144525705e+00
7.081957386445849600e-01
7.713223978758763089e-01
1.310396021345401341e+00
1.649666781733749810e+00
1.228680563934616332e+00
2.776399168903245673e+00
1.778712851712051846e+00
9.477855176520169067e-01
2.255197470868807175e-01
-4.476125632860569192e-01
1.354263530912066305e+00
-1.685268827736798036e-01
3.746908860049093515e-01
-2.738034361921974913e-01
7.443760056917582135e-01
-9.794441301466640937e-01
1.208741624017935390e+00
4.302375722148463755e-01
9.048766167185602338e-01
6.056431025654962497e-01
1.444914399962977103e-01
-2.698093046473807322e-01
1.621967378799561876e+00
6.651120654310259672e-01
5.075513466217110997e-02
1.531699597718746864e+00
6.588147195236186970e-01
5.509310940539580148e-01
1.587392811916072732e+00
5.579916878121764512e-01
1.316209654405093576e-01
2.682574593611589120e-01
9.145115621445473186e-01
5.689985588736662381e-01
7.308700953720019822e-01
-2.217229011332864097e-01
1.882457531849438814e-01
1.523084313970020087e+00
4.706922892933807639e-02
8.424607661142679005e-01
-8.292933950048598790e-01
-1.199357791526720840e+00
1.153433143441778608e+00
-2.306467300873920601e-01
1.010111751036378180e+00
6.057921081220629667e-01
2.985205621276959542e-01
7.490510500517612025e-01
-1.655534060055665613e-01
-2.932234879376756642e-01
-3.510083110808976392e-01
1.298165655377120364e+00
-2.192043172035731680e-01
4.023586810051706930e-01
1.384147851471660529e+00
2.030878831492931580e-01
-9.326129887238576721e-02
5.574952926459694202e-01
2.774365720290846493e+00
-1.184961438527409427e+00
2.324116686076258542e+00
4.532468694017708355e-01
7.261898957166722512e-01
1.531016234140140542e+00
3.405846119132029393e-01
2.083722821221171362e+00
7.605007934288412486e-01
2.113331306366021956e+00
5.041291679675500292e-01
4.855814097766392723e-01
2.848264878257245947e+00
-1.426920340248694075e+00
5.080707121891470113e-01
7.747364640695181270e-01
1.188608193995634582e-01
1.811388303234100494e-01
1.622762029122349903e+00
1.347611257175070631e-01
1.095642622605763394e+00
4.191992421278973313e-01
1.839399355360095967e-01
