-6.663242818384145227e-01
-1.551234872702367817e-01
-1.743641532736785460e-01
-2.124689618133346336e-01
3.147676203319014210e-01
1.525931982457291669e+00
2.474472645954235439e-01
8.864913252402448207e-02
4.931697364829699115e-01
1.036898354244873754e+00
8.230176142591286714e-01
1.339014272749745882e-01
-8.468732997678897201e-01
-1.603950219021290369e-01
-1.960896759176345150e-01
-4.035190458940242364e-02
5.227292292534635454e-01
9.482835437751386820e-01
3.967908388726135160e-01
2.809546789258204336e-01
1.825544624453155684e+00
3.826285388783799701e-02
-1.789996590576773405e-01
-4.259967248269649343e-01
1.539788163535052434e-01
1.348678985333510438e-01
-1.487639390201627998e-01
-1.649284808373921107e+00
-9.468698305410698790e-01
5.819061583668694304e-01
2.175209732770863047e-01
7.167591794841737807e-01
3.221980588328544615e-01
1.118136376632862250e+00
-9.954415555614419819e-01
4.499921745208664281e-01
3.714405024431191027e-01
9.114974680024047204e-01
3.939023769031771427e-02
-5.065943871536306986e-01
4.671845582618029957e-01
2.990401262723767495e-01
7.200971558404009043e-01
8.382660964935159109e-01
1.042395002219007744e-03
1.406677862815844948e+00
9.929011294756996675e-02
4.867232207138645350e-01
5.428143451331033376e-01
5.713722891586799912e-01
1.765128567788191383e+00
-1.417481339954701047e+00
6.526065504780079185e-02
-4.328721948937190311e-01
9.667771108046071538e-01
6.431769469930151972e-01
4.049180894960607291e-01
-1.390715574325182557e-02
-1.667855688148791815e+00
2.796604899180588077e-02
1.362223502477132309e+00
1.086664376724290726e+00
-9.330771119124142698e-02
-3.930546890422153550e-01
1.023429154319420942e+00
4.503887871853279878e-01
1.744950179273446755e-01
9.985270509281400919e-01
2.096907669522217077e+00
4.625598163227203630e-01
1.196855977704505358e+00
-3.897884349086848665e-01
-3.341909875131419266e-02
1.973604768156520667e-02
2.502010662729436397e-01
1.441129192113497659e+00
3.193052131157949614e-01
3.989063723803298323e-01
-5.023424882699627919e-02
1.673401865441147329e+00
-2.837892623927291136e-01
-1.596161655876763286e-01
7.532229131843977132e-01
7.881499457142066012e-01
-6.190812402370899914e-01
4.955410986016779429e-01
1.471287794783186387e+00
9.079427768249695996e-01
1.703933487597195928e-01
1.674768292029254813e+00
-2.950128101915885370e-01
2.824724327399543711e+00
1.343509945269379668e-01
5.857086827305948429e-01
7.880775156757139355e-01
-1.547148069427558559e-01
-3.488960560456748627e-01
1.106430084266775693e-01
7.578314596631534616e-01
1.007876636004358284e+00
3.555728169367362024e-01
-4.485256564439749072e-01
1.332106169663180184e+00
-2.526613832949621830e-01
1.215817669970812531e+00
8.702397804083222832e-01
-7.988003694787656483e-01
-4.106716260636506521e-01
3.831553758755164574e-01
-5.245694536700683530e-01
2.182509113676775192e-01
4.503014898193009596e-01
1.019840365980754449e+00
1.410018530994741948e+00
9.480804627054032485e-01
8.999418779793081358e-01
-1.175893102840071952e-01
9.081134460828044208e-02
8.288467124901792438e-02
2.682838744075260462e-01
-9.926797278691480431e-01
