4.886030820356482840e-01
7.306465744923845707e-01
-1.008881853923929928e+00
-3.500201772777820075e-01
-1.827087337226639685e-01
-8.306170920060201857e-01
6.789090514707503132e-01
-1.901004572985058316e-01
1.194647219416317685e-01
-4.772524090196711977e-01
-8.441449691918141429e-01
-3.973960832969544721e-01
7.315044099429068858e-01
-1.168474639553267025e+00
-8.850296634887671043e-01
-5.327979841712806586e-01
6.394235615949961371e-01
-8.165357315015051021e-02
-7.112323344175697226e-01
1.704284897157691270e-01
-7.535177443313170742e-02
-2.575623338204837132e-01
1.233056211459512830e-02
-4.701316146272929708e-01
8.755429926966877552e-02
-3.102810707141888114e-01
-1.863619046066805618e-01
-2.041135055326184500e-01
1.762508896171106065e-01
-9.345367265050181782e-01
-5.565936593516118691e-01
4.724926863331997962e-01
-5.698455332453947753e-01
-1.184666767025562284e-01
4.064755291701741546e-01
2.975133317143754397e-01
3.419667947793202933e-01
-2.498016541572315730e-01
5.169851267918155191e-01
-8.608732590302974330e-01
-7.288002631840521106e-01
-3.105770754452400265e-02
-4.564821435739569999e-01
-8.395678848632323055e-01
3.381863787924339892e-02
3.454764853140928071e-01
-3.512439295469800826e-01
-1.325819774599635625e+00
2.670282168238916620e-01
-2.831971945898966725e-01
2.470049685591520217e-01
-1.093368376773108830e+00
5.259225659230176708e-02
1.108298282783375832e+00
-1.052400430606467568e-01
1.383855220368146899e+00
1.036419583374151410e+00
2.542191990240535437e-01
-4.757240167614265047e-01
-1.105257677069036326e+00
-1.211578960234835495e-01
8.268061372170006917e-01
-1.037662426150895101e+00
-5.348998488566568676e-01
-1.392416197500111696e+00
-1.260122931283252479e+00
-1.500865340968243200e-01
8.252617815317239147e-01
1.456092326944896653e-01
-1.354909249756181877e+00
-7.332090804964808139e-01
-1.404011555076793094e+00
-6.108661085852513661e-01
-5.887341742256996246e-03
6.885420883621825583e-01
-1.808933535628442169e+00
4.470518990796936154e-01
8.490849008366010975e-02
-3.047396848873433206e-01
-1.616887104784536566e+00
-2.974047637947176415e-01
-1.247799262108681972e+00
-4.376379411878686398e-01
4.684888599705090417e-01
-1.599193358548087529e+00
-2.406182057476903002e-01
-5.977784151171409155e-01
-1.072997911414508954e+00
-1.262488246767572153e-01
-8.890858555599083779e-01
3.717469501343420024e-01
1.568172413964631293e-02
-1.540470149827312785e+00
-2.857836099239227101e-01
-8.612335968951160270e-01
-6.442339398155726149e-02
6.511239490148379438e-01
-2.647215295648534528e-01
-5.825846945484812744e-01
1.810980565854351243e-01
-6.317415815260019052e-02
-1.672633351792121248e+00
-9.030113875991890859e-02
-2.528051396576388221e+00
1.182579518033097660e-01
-1.808536194054228274e-01
5.807512724364917167e-01
5.108393544288357679e-01
6.747557333910197963e-01
8.104482632487334248e-01
6.788275576344446893e-01
-2.601009615689840460e-01
-7.813646700635854536e-01
4.227600817246589537e-01
1.320633033842433024e+00
-1.627632583733298055e-01
9.104141757673354096e-01
1.328288948264494951e-01
-4.324284901018253802e-01
-1.398043330361837810e+00
6.931934325838748912e-01
