1.228805033562668125e+00
2.657674101644966203e-01
3.026100531565307228e-01
-6.121977421788384055e-02
-5.681668288043630888e-01
3.346758194517828744e-01
-6.556398566388264015e-01
9.258100573140413125e-01
-3.402054549530533212e-01
-9.715007561935473657e-02
9.631277269284629905e-03
4.240095059268256944e-02
2.614240646719090400e-01
-1.748321926725269870e+00
8.496265942781944247e-01
5.632818341488287084e-01
-9.719118923816570943e-01
1.085059828643907265e+00
3.916628339390578750e-01
-6.192694326451382292e-01
1.299747194369809122e-01
1.188566709860342741e+00
5.316053848736754933e-02
-4.391704348784800094e-01
-2.229711856992381835e-01
8.627266957843204853e-01
2.395041443528800329e-01
-1.462256315499869258e-02
-2.720942341352402538e-01
5.467621554135061734e-02
1.428221256457337385e-01
-4.767765503661535176e-01
-5.408354444060551325e-01
-6.003153799560555920e-02
-1.326104310411159171e-01
-1.160687934567184998e+00
8.388725259912778176e-01
1.258762188939119175e+00
-5.678143189894120368e-01
-2.075477978706056437e+00
2.541550709695891697e-01
9.586247681030343193e-01
3.493342884034066897e-01
5.704192190022426834e-01
8.511079155746738012e-01
-7.879964998498834028e-01
-8.861235490525444236e-01
-5.600684130986244291e-01
-2.185566321681467750e-01
-2.877886531287391914e-01
7.692090801073707684e-01
-2.052148783111320096e+00
4.054124234328398413e-01
1.090891948815485013e-01
-3.531967785820401273e-01
1.326525690844626570e-01
-1.125324048091028040e+00
-2.987957129624193575e-01
1.052364416893612598e+00
-1.413051440039723383e+00
3.181548274569829249e-01
2.001119129771106731e-01
4.840890762084267274e-01
-1.033529325363286899e+00
1.468536346037589702e-01
-2.589896838452804273e-01
-3.085327546307292113e-01
1.797989563534422297e+00
1.038480493639977326e-01
-1.965914656751939216e-01
1.020657965999255179e+00
2.762398608320343896e-01
-2.709748913234615308e-01
1.171229374447516070e-01
-1.143660924168850235e+00
9.153948832785040457e-01
4.880661834066168936e-01
-2.598428819741964158e-01
-5.228057027724807015e-02
-8.908739308821572722e-01
-2.863778462084325405e-01
1.792874780087932995e+00
-9.819396546364851375e-01
8.083928025456221800e-02
-2.108282545932487206e-01
-3.618393994248716439e-01
5.649608741662810046e-02
1.076412628109153058e+00
-2.742526807887242790e-01
-1.337033256732500508e-02
-3.216743324656679004e-01
1.747294571942399344e-01
1.791108132066704939e-01
-4.508676450798190238e-01
-1.850518601530192972e-02
-7.506323099193759063e-01
-9.144737090791738021e-01
-6.577778273724762537e-01
-1.077469590772773156e+00
-2.169280486526356799e-01
1.052712508216995468e+00
-3.651180097696677951e-01
2.705371357455443881e-01
-6.527399208051982704e-01
2.077376705250875144e-01
-1.382464291233106657e+00
5.289653577707952303e-01
2.180948614282207654e-01
9.742109363622543372e-02
1.046440045783822548e+00
8.229304722119683557e-01
-1.675119681570629515e+00
-7.525721405465804481e-02
5.219429664427913673e-01
-2.123625425891798035e-01
3.631706102840148165e-01
1.002452378888723378e-01
-1.401231650662795036e-01
-4.498235109851068669e-01
-1.128977376763598883e+00
6.781263624364880505e-01
