4.075922312095967559e-01
1.217618728197724431e+00
-5.327471246983986886e-01
2.436605784773437033e+00
3.117786422387581080e+00
2.477401322927705041e-01
1.285711864955998152e-01
2.167263604794208709e-01
8.294735499114823385e-02
1.047624172613187965e-01
1.278885187113568689e-01
1.343348225925840023e+00
1.259258203016732969e+00
3.282591774586959277e-01
1.349603908404602537e+00
7.417542479552672319e-01
1.476112893330965292e+00
1.147365153208309119e+00
-5.493299394040742634e-01
-1.734963769693544489e+00
1.932698235447313784e-01
7.851463563673345414e-01
4.966739531995099655e-01
-9.748626508977056293e-01
-1.237022301886057767e-02
1.538505375873175263e+00
-1.859257620629980665e-02
1.512397437431302283e+00
1.592847539209218066e+00
4.985886273580227290e-01
4.251591479041971766e-01
8.149670604499388293e-01
1.598838924400909578e+00
1.279381635502961467e+00
-1.278193919892417263e+00
1.333676630281302788e+00
1.442873833442668507e+00
1.771522636355772118e+00
-2.400128621267170637e+00
7.483377208767769684e-01
-4.818462025974598606e-02
1.783533153488295220e+00
2.285144769590311320e+00
2.427684342645975324e+00
1.109485004580577083e+00
-5.289609489564457423e-01
1.482614594750895298e+00
1.949130861570964379e+00
2.126428639946670085e+00
3.001767698868852197e+00
-6.927011450200352971e-02
1.690289918873796038e-01
-2.962468219696172134e-01
2.133508421837377877e-01
2.546249879960035128e-02
8.008089593620579816e-01
-7.295231381015012673e-01
2.011545656969850437e+00
6.999655882882687141e-01
1.362479606709285362e-01
4.364407641225003243e-01
3.761177458686660313e-01
-6.276594197948812126e-02
-3.680904374021329861e-01
1.546777345121209235e+00
-4.394101381637603443e-01
1.223233825820562171e+00
1.264691183363472637e+00
-4.723915790322066321e-01
1.245680682857940758e+00
9.801886182620018761e-01
6.762861872836882782e-01
-4.395825922188126289e-01
2.176695597302316987e+00
1.563175387653824799e+00
8.710106623695123007e-01
2.673746197466510655e+00
9.258989204849316090e-01
4.846923588259596793e-01
1.911661296220276363e+00
1.956703646360385296e+00
2.979067904985723825e+00
5.807871406742107778e-01
3.528405567441279977e+00
2.686093764987385613e-01
-1.080222227317823025e+00
1.442060958941464133e+00
2.437814457360284459e-01
-1.088423331829272006e-01
8.139009652657603899e-01
3.494937956443824878e-01
6.946208997134992735e-01
5.814304890238289891e-01
5.883608548349320566e-01
-1.538777408794181234e+00
-6.195478776500269735e-02
-1.205689237813604375e+00
-3.689419835802138503e-01
-4.748914199939999747e-01
2.485527685116400154e-01
-3.095902525629719015e-01
2.691851708761064943e-01
6.610829895145511337e-01
-1.087053999665775206e-01
-1.253859436664132021e+00
6.773336403766887504e-01
-1.366849123954367640e+00
7.445864754762724358e-01
-5.090536877807219085e-01
2.817877585014425090e+00
-4.726092130786326700e-02
4.448355065346135673e-01
2.053785126918127091e+00
7.008979879879623232e-01
6.182274441868497172e-01
1.519945300643532837e+00
9.768743184098896970e-01
2.813486813641458806e+00
9.292114192080831447e-01
1.745617497356260150e+00
5.140766811649469803e-01
