1.831899564442717177e+00
4.625049651769078674e-01
2.128205851283706818e-01
-6.368174264372704618e-01
1.942177539231986660e+00
1.340301163831771891e+00
-1.656829128114436500e-01
-4.788881563717224399e-01
-1.868842321621359548e-01
4.375276750005462345e-01
3.243045786545541986e+00
3.631311173595225816e-01
9.133674345635727221e-01
2.316437560980899590e+00
9.925219934491166240e-01
1.711795319845244689e+00
1.055794047022676541e+00
2.143733784863178504e-01
8.192459851994398079e-01
8.748889988578417709e-01
5.466329568403560657e-01
1.037886973807822910e+00
2.702994588253607500e+00
-4.914653584165072919e-01
-9.516590420368333803e-01
-1.664750914848082797e+00
4.787133151852713819e-01
-3.628143070681237869e-01
-9.233460577081939458e-02
3.089063805631331872e-01
7.861139037156834597e-01
1.096393885012987734e+00
-1.009143519822634394e+00
4.120439307147983343e-01
1.104661126483345024e+00
2.319286906802317250e-01
1.990798021440221222e+00
2.517868899592035636e-01
6.892254584568888731e-01
1.312409520136094132e+00
-3.092687455518639550e-01
7.771644321343333939e-01
2.423773057827607325e+00
-1.184214491070467168e-01
5.789980748896178531e-01
3.285038475806142388e-01
2.635629578339296342e-01
-5.591766723656408505e-02
1.862296483741878506e+00
1.019414319200254299e-01
-1.430579907542551543e-01
1.406573714503362327e+00
2.511101177042350252e-01
1.239849040318431683e+00
-1.182711684073559644e-01
2.883596645840169614e+00
1.447611384531311884e+00
1.322306670728713218e+00
-1.524515929051595969e-02
5.717609873870771464e-01
5.047464895548418040e-01
-1.426766258292403444e+00
1.555321746824342766e+00
-3.986872808872304330e-01
9.933076575941680586e-01
1.043300475230833690e+00
1.944709388347488077e-01
1.519365327316529735e+00
1.146121896423998310e+00
9.850584269384142777e-01
1.225535262398872005e+00
4.895714659347699671e-01
8.250787264080526873e-01
-3.218798521963722736e-01
2.260137125551027637e+00
8.280119948463583457e-01
1.467639515836868247e+00
1.044679993450599476e+00
9.185039618296403363e-01
8.718706282813522002e-01
-1.627167862253273423e-01
1.091578277424608556e+00
2.547764840105861128e-01
3.637285426463002569e+00
5.578573612123249870e-01
9.501771029321421924e-01
8.202794237088717466e-01
9.782099461906537119e-01
6.134465900769540125e-01
-2.095712334103188024e-01
4.412002794401061467e-01
-3.444593155535866091e-01
7.472355565960990542e-02
1.010054075143616142e-01
6.915348746238136890e-01
8.118037503971756719e-01
-1.029506224717839258e+00
1.738610560937259297e+00
1.557272941156597312e+00
4.621903596952438020e-01
-1.967544741688733945e+00
-1.276573892546882805e+00
2.925369323913510122e+00
9.518329752667473165e-02
2.737543303357598545e-01
4.241987978343984833e-03
-7.267830238753814065e-02
2.410567911346691794e+00
7.665911821318931452e-01
7.821519141628672234e-01
1.110067889107060335e-01
2.014324367039775243e+00
-3.329292592988167265e-01
3.030964851006927030e-01
-2.222969612136987128e-01
5.433937775396040226e-02
1.578279180761711142e+00
-1.698465776952505779e+00
-1.028420310365600887e+00
1.766953146746202741e+00
1.348149998501041003e+00
