-4.113194626147986810e-02
1.805920767799046311e-01
5.404787136347214416e-01
-9.528738898568122062e-01
7.825449305460180360e-01
-1.002095472653415031e+00
9.866443981650740991e-01
1.656286349391568880e-01
1.894068955086494199e-01
4.699547739438379446e-01
-3.718047841916274354e-01
2.410764905332107161e-02
1.355468818038185308e+00
5.295799343774532097e-01
-4.375912496020624709e-01
-1.736177976199943851e+00
-5.675570183818343661e-01
1.946196191171389644e+00
-1.157516692747960346e-01
1.000097815666175727e+00
1.085347474830132830e+00
7.231844048704549888e-01
2.128260976741297217e+00
7.194518569188390611e-01
-8.069216002580917313e-02
-1.592291121447785701e-02
-1.833550248142941097e-01
1.012027893510561327e+00
-3.708917069721017201e-01
3.030078653107246001e-02
-1.022629074283050166e+00
3.797379734322186007e-01
-3.276197071995856636e-01
-2.124609739016196930e-01
-3.599697960735343538e-01
8.822296320508685730e-01
4.865191162660278956e-01
-5.311790465587380439e-01
2.261689146185219823e-01
-4.161740678849086827e-01
8.255065338939648889e-02
-4.985610890921299276e-01
4.765121097947427331e-01
3.595184313423753220e-01
4.043764584509957349e-01
2.782733971125235795e-01
-6.824850766067004360e-01
1.608928841379356323e+00
1.450083753418830168e-01
-4.021665137816799462e-01
-9.390321802808838658e-01
5.564762306456884078e-01
9.470236793064720215e-01
6.908598110364372324e-02
1.105291847558052126e-01
-2.234244170240493599e+00
6.021510498469857531e-01
2.087056283047697303e+00
7.437718100348437167e-01
5.233404264352590207e-01
5.203266883369935814e-01
-5.089743195543310339e-01
1.822398707533677831e-01
7.091799235693929671e-01
1.006869539229827470e+00
7.950856324703244882e-01
-8.694574273288344646e-01
3.558941377297952235e-01
3.769190088740208555e-01
1.180563659082768391e+00
1.263085328460138657e+00
1.318798184470267865e+00
2.998221393060637729e-01
8.272180295222648638e-01
1.491499652421134137e+00
3.121758374984949791e-01
5.342695656703525531e-01
7.515511264003774117e-02
8.529143045966515180e-01
1.549871070439705401e+00
5.660138347409635617e-01
-4.476198957611484536e-02
1.799576238319342773e-03
9.371300030411894300e-01
2.004455749721293922e-01
-3.560120789955666942e-01
2.911290354825007975e-01
3.549964528901027316e-01
1.588372400207584745e+00
7.266844383609549762e-01
1.336422304672143235e-01
5.459764210458105671e-01
2.729418254866075033e-01
4.009140445056013635e-01
-2.179529041968525926e-01
8.216703388886498205e-01
8.556381650074889808e-03
9.670400891944324062e-01
1.358802410783880033e-01
-1.107544631346654374e+00
-3.930438000412124766e-01
-3.726675478678758147e-01
9.752595788686566625e-01
4.010695321013330039e-02
1.413184555244363594e+00
1.135989301009091124e+00
-1.108407374874018414e+00
2.256877917042229509e+00
9.470597429340580353e-01
9.673730315995477946e-01
-3.324713597898076300e-01
-5.392106982069845289e-01
-5.417832086322436069e-01
2.019305248865314317e-01
4.189228962653068766e-01
6.294236533244169651e-01
-9.485465856437766408e-02
-4.188615629502771137e-02
1.525194727208289303e+00
1.409013713794107003e+00
-7.087613004517697712e-01
