-5.110936512093284811e-01
1.315303959775208364e-01
-3.723861875376904829e-01
8.047496392125256248e-01
-1.038508774153932557e-01
-4.715859310157407558e-01
-1.920848268774019429e-01
1.905798202932496022e+00
5.253445501221410963e-01
9.145177177707946026e-01
1.587766657951608096e-01
-1.236330393701143143e-01
-3.222785718647681596e-01
4.745176589693865798e-01
3.739671564767124701e-01
6.635864121550869577e-01
-4.557057792602244306e-01
1.058187475791117160e+00
3.213257339118816280e-01
-2.271919350459595810e-01
8.731002446260051064e-01
-2.525374481748608457e-01
6.471435998732865125e-01
-6.239542209880752921e-01
2.561088451736062352e-02
6.898965254556296278e-01
-4.033579521656849853e-01
3.375315468261841367e-01
8.725876128310395830e-01
-4.932021374357355159e-02
2.294842898490344063e-01
3.731888432820512636e-01
9.094206565067451953e-01
-5.248225405735535976e-01
-2.708261838881161065e-02
2.778945746139042106e-01
-2.854007269506851352e-01
1.142464444054585471e+00
4.837536547914718099e-01
4.894532712590409784e-01
8.571288836138397649e-01
9.395882033546941736e-01
9.790648569771964738e-01
9.944247797285834384e-03
1.007205179726029076e+00
9.788339374645758095e-01
1.093922388070236673e+00
9.515186430157374087e-01
6.486611845524568043e-01
1.212794511942606596e-01
5.359580239697945281e-01
2.088148334628560754e+00
1.351088450741693370e+00
1.531058113675776600e+00
2.909843259907296531e-01
5.758228478357414470e-01
8.729503965128503351e-01
8.999181699708876936e-01
1.114549020837583448e+00
6.670608117104535051e-01
2.631313213229601877e-01
1.021210335078814202e+00
5.532470406736517826e-02
6.788712291608204330e-01
1.707942684789391652e-01
8.199810690335080920e-01
-1.790032768260967355e-01
9.620394062149485448e-01
8.355123825206877131e-01
5.794217604928810772e-01
6.508463915072829065e-02
9.520904854801680584e-01
5.899747595866324662e-02
2.721544804783495586e-01
2.601434240197837422e-01
3.383018619406550909e-01
-2.036093412830959071e-01
-4.251279345732426607e-01
1.259701555184462807e+00
4.828753919359642932e-01
6.167997341209418005e-01
1.258378103029250017e+00
3.119799756209876707e-01
4.282267423077568136e-01
-9.300605165260462937e-02
-3.246382925027487265e-01
-1.476424350479978775e+00
1.289832922314665176e+00
7.385555463922481856e-01
9.535380632933425638e-01
-6.255001609864100365e-01
6.011070390049229051e-01
2.317542744468303606e-01
4.105626002907689087e-02
1.743377307960559230e+00
5.645472999617727750e-01
-4.771591870485101805e-01
9.193816721280400062e-01
-3.444702902959687063e-01
-8.605016682999358513e-02
6.554291847885568290e-02
-2.614853470285599668e-01
1.255379841079710679e-01
-9.974831950987898821e-02
1.256205865011609801e-01
-3.008197847413802695e-01
7.564215773262076281e-01
1.009424318143511828e-01
7.608003792865648818e-02
5.081982069551996967e-02
9.107573642847518469e-01
2.205683228083576974e+00
1.150692412270791554e+00
-3.324534351338952476e-01
4.893363187288486960e-01
7.958030029611139478e-01
-2.485470804188629201e-01
-1.244040283645509309e-01
4.439395310029909392e-01
-2.839738428127056707e-02
-1.075650175556428279e+00
