8.957681045538963549e-02
-1.573294913295309738e-01
1.565593640205720227e-01
-9.006096958204320990e-02
6.862035051006651898e-01
3.866680257036814727e-01
-4.885316457243148169e-02
2.894057702267616716e-01
-2.367772878553004168e-01
-1.566330309750541550e-01
2.056065436243930539e-02
-4.695200326188625484e-01
-6.858361584365282315e-01
3.532763896932715197e-01
-7.898174546492762182e-01
-5.789397162047181800e-01
-1.002282671409342019e+00
-1.371244977687799516e+00
1.737625394396738743e-01
3.886510236071796243e-01
-8.697326002653089638e-01
-1.607613560902648953e+00
1.900910701443495332e-01
-3.815679578952909101e-01
1.074628789777063859e-01
-1.207772638318058256e+00
3.828925976022346661e-02
-8.530430070242313034e-01
-2.194879612096820309e-01
-1.300839214773953645e-01
-1.384953883771518290e+00
-2.008892063437926756e-01
7.319518742763149177e-01
-1.229695725579458498e+00
2.833771016403071052e-01
-3.351753987657286604e-01
-1.641450580974017359e-01
-6.621606901317794724e-01
-1.067219541881307299e+00
-5.012496832281024828e-01
-1.377393602598239841e+00
-9.149629448335314663e-01
1.690061126161516991e-01
-2.250308675086325039e+00
-4.231284293617323389e-01
-3.193958378451521307e-01
-7.610863713275841658e-01
6.140950621219340433e-02
1.365601210129937515e-01
-1.889011660225638489e-01
-8.194356789476644476e-01
-1.038058626674971174e+00
-3.559835404799733816e-01
-1.008558148956175238e+00
-6.237931192686837489e-01
4.575515334697140973e-02
1.293480323852025660e-01
3.496059385654197160e-01
5.345174322873780248e-01
-1.789144833619547570e-01
-1.229447841715278988e+00
-2.047973244881377552e-01
-1.716424972822163220e+00
-6.819869965560761971e-01
4.509083436988513549e-01
-4.095198947798274203e-01
-8.543015185836032588e-01
-4.232381799559608027e-01
4.199026742568519599e-01
2.464920980525727723e-01
-1.769349900980748291e+00
-1.636784270132592700e-01
5.493048325221231432e-01
-8.597697060315437900e-01
8.079708763769931634e-01
-9.625678294501405219e-01
-2.032436991475861543e+00
-3.062630499417190455e-01
1.018567429130898150e+00
3.779230738965034808e-01
-4.417274615820549477e-01
-8.455383289473570319e-01
-8.630582669779687244e-01
-7.828870196495384404e-01
-1.122553983492455831e-01
-1.377392134291825498e-01
-1.318813745756794165e-01
9.440964155383754774e-02
-2.078889098870868590e+00
1.751270727970973828e-01
3.087105541305429357e-01
-3.662277209300418557e-02
2.547904702321976966e-01
-2.974888925171633169e-01
-6.197494226274665730e-01
-1.542271141702310944e+00
-1.275566899147845268e-01
-9.990903242178581500e-01
-5.581016400019424006e-01
-1.887833729842556707e+00
-4.729052778877394503e-01
3.436285018518683149e-02
-2.356450079235407058e-01
-6.478353238584402263e-01
-8.699791794159558167e-01
-7.896833553794777583e-01
-8.945385637901995812e-01
2.243305073941976036e-01
3.376874688822293358e-01
-4.303947192226801333e-01
-3.567771647536633339e-01
-1.015835027980415806e+00
-3.306810240849705762e-01
-2.852537880368962164e-01
-1.635337542708243108e-01
-1.471125491082510284e-01
-3.570176175447180994e-02
2.140234120686073174e-02
1.158371988289970574e-02
-8.066089880692864367e-03
-8.614241652022551765e-01
