1.095769881552196345e+00
4.668689189602681644e-01
-1.737541509729970957e-01
1.340305855695102633e+00
2.342197588575382072e-01
-6.978449796514826220e-01
-5.092084590367219610e-01
5.958311453047486772e-01
-3.747871531282640500e-01
8.464231706193751092e-01
2.111415088908555338e-01
5.377724765694289477e-01
-2.359149416827823198e-01
9.469771686000260091e-01
8.132777627024311284e-01
1.036925337112560297e-01
9.614780863021202273e-02
1.562173027024655658e+00
-2.270480604431784233e+00
7.985011010918795504e-01
1.082449073089050140e+00
-2.852019963167760630e-01
8.372801832502755337e-01
-1.001422586512988655e+00
-8.452539921702270642e-02
1.272953413073993068e-01
-4.914171642649918792e-01
4.412057114335104502e-01
9.017144266203741543e-02
6.287636578961356415e-01
-1.086897508337491658e+00
-2.522482866788684497e-01
3.544464521061037043e-01
-3.726733847987267478e-01
6.456160830608328460e-01
5.029539898953514498e-01
-1.558652676783236934e+00
1.324290375755110105e+00
5.508195218668580917e-02
5.806644060724039935e-01
1.480051640223048137e+00
4.810805953602971530e-02
-1.065246229471639161e+00
3.796775462246370081e-01
-3.613792431184200682e-01
1.261983800315825244e+00
9.612813334696008738e-01
5.452538813888875291e-01
-7.988606411185594780e-05
-8.410167123150388280e-01
-9.505305576394544875e-01
2.349597724373031216e-01
3.842673591677896461e-01
6.056799065170764829e-01
5.047134874654137793e-01
-2.662062862561048737e-01
-5.803763813780431491e-01
4.079270719623460106e-01
3.078608095267151845e-01
-4.159755922984904597e-01
-1.205682143899531766e+00
-3.214814092392959677e-01
-2.251268523650203079e-01
1.145597395250302908e+00
1.397896179869514977e-01
8.458837306841215931e-01
6.803537527155638642e-01
5.510518289550632165e-01
5.118436253851760265e-01
4.354553845007733126e-01
-2.473597282901454641e-01
-6.749935870746459621e-01
4.215692985292291417e-01
6.528974263783536847e-01
2.106083864052228916e-01
4.384842222206518647e-01
4.680025510370740549e-01
9.881753468774238103e-01
1.001220155392152034e+00
2.753801689693547994e-01
-1.046050077708762682e+00
4.290183872584500402e-01
8.419212242068887520e-01
5.262091679205401773e-01
5.240270204110596408e-01
3.415957102922643207e-01
2.652526134691275406e+00
5.607225469775492521e-02
-6.847987070624750316e-02
6.379322618126476163e-01
5.265956711150067138e-01
4.200936807537487133e-03
9.215845687224342164e-01
4.558362631956821565e-01
-1.949470070967005697e-01
8.437646326971928179e-01
1.480899846917627993e+00
-5.253052888720870506e-01
2.791676767603401554e-01
-1.872191817968247574e-01
3.211347130435293074e-01
-5.279041426691312155e-01
2.493638197054302008e-01
5.244158415005992779e-01
3.206679064601079543e-01
1.565849898119779260e+00
5.807658983265456820e-01
2.426344357663352824e-01
5.546541733610079739e-01
-5.730778389867070555e-01
3.076386029887757251e-02
-9.256666810894208508e-01
-2.801073057377608255e-01
-2.754183236905072829e-01
5.827937573569936802e-01
3.091275360579449905e-02
1.232193622433847557e-01
1.542280289512716118e+00
8.537843978344160645e-01
1.181494903751980630e+00
1.057862188958184901e-01
