-1.945743089064554621e+00
3.003031986332543313e-01
1.422925160054454019e-01
1.656628721756197908e+00
-6.299094141942743752e-01
1.249928009084192854e-01
-9.388719196001810152e-02
-9.293643401497269085e-01
-1.560535809332673773e-01
1.063364643407096605e-01
3.755780044319910194e-01
-3.149866044699236589e-01
5.739829477272017089e-01
5.099396349638404269e-01
1.765142556014586139e+00
7.477803645369424101e-01
1.388264163736467660e+00
-1.671833862470994692e-01
7.081940790748552095e-01
-8.659898007381834351e-01
-4.760913870656046654e-01
-1.132762586244416281e-01
1.290156341072275781e-01
1.927964250230671972e+00
1.756209718271655618e+00
7.407471131303149381e-01
-1.026457470222347235e-01
-3.881154280368084852e-01
4.161123138573958324e-01
1.210088841405549953e+00
2.274760268257399076e+00
1.067909337842564366e+00
-3.684189391212882581e-01
1.531695774774816998e+00
-7.616865624862949602e-01
4.138403585649052530e-01
1.634337908933866990e+00
-3.587031182927276074e-01
-1.241172725564211043e-01
1.125912953390172611e+00
3.585497913198362863e+00
9.725183746596492984e-01
-4.929314405148310096e-01
3.428392415636439816e-01
1.215375620346321517e+00
-7.514445201121132678e-01
7.933163844752691984e-01
7.086385060076312303e-01
1.504205693706361258e+00
3.050767196004294246e-01
9.756366705619812230e-01
-2.221129080915737131e+00
4.474472891585282719e-01
9.411813526872826463e-01
2.196606391256303414e+00
3.209231826677343968e-01
1.716106216133324924e+00
-4.845016271480108161e-01
-2.199732558758686896e+00
-3.010840024989472896e-01
6.245412198523948577e-01
7.720738373513229558e-01
9.442082282954329386e-01
5.511995193916916502e-01
4.023345145718309479e-01
7.621659278159583772e-01
1.750628384053760644e+00
1.369719284504656187e+00
-4.559669751414794359e-01
2.315453268201723633e-02
1.120721014865267984e+00
-3.441771322012960876e-01
1.813057903898881218e+00
-5.511640014080400052e-01
1.469976517869432175e+00
1.716340366506254433e+00
1.841351439703904358e+00
2.731832559965590157e+00
1.232319091323595739e+00
1.875791657910065746e+00
7.615656268595797362e-01
7.947159734649056340e-01
-3.317908021727550977e-02
-1.137106697188425691e-01
-5.280294656272237902e-02
2.833984168829717376e+00
8.788336315845215463e-01
1.818423012708968223e+00
9.469929971743631936e-02
-1.724578652183715644e+00
-1.893912785667698773e-01
2.345694462180532291e-01
-4.430945038937826874e-01
-6.417392907856057649e-01
8.250278340589149995e-01
2.344758163697641951e-01
-5.618840570316806504e-01
7.017084779885016665e-01
-1.322498406648877634e-01
-2.573758434942546303e-01
9.608882655200179368e-01
9.484103559420750673e-02
5.148478774672763381e-01
-2.497734479150460762e-01
1.392143816292163550e+00
5.261767312973786304e-01
-3.624732233618092603e-01
8.754992327933018847e-01
4.791510949524823704e-01
-6.124704726332153015e-01
3.279284131184546425e+00
-1.520106095172186755e-01
1.412755379824732094e+00
-6.397636936200056246e-01
-8.715696531649531620e-01
-5.611117826251448282e-01
1.652551263906399948e+00
1.223184854364766316e+00
-4.462854067849545969e-01
-4.428108586738345176e-01
-8.713571680667759889e-01
