-4.919280613237856925e-01
8.214958343261312690e-01
-1.420584927671783015e+00
-2.858000750419503744e-01
-9.987491198181203469e-03
-4.111157721404833931e-01
8.372432996984896514e-01
2.793199357176278652e-01
-2.635060731352467100e-01
2.864458896323671677e-01
-4.579127668873419488e-01
-1.866825068687513745e-01
2.451003187132593519e-01
1.394622422110689541e-01
1.192123273827928702e-02
1.020566877912433945e+00
-3.851281769086823403e-01
1.876047767572117664e-01
-1.662862340825721486e-01
5.738615872469007284e-01
2.264580094511599861e-01
7.751229789404980863e-01
6.215161224503087389e-01
-1.149568579077206554e+00
1.650959157234482388e+00
3.317278647298134153e-01
1.102089523884031363e+00
-1.913408998086292556e-02
3.474277814270773646e-01
-5.418154389639121687e-02
5.809903669520607439e-01
4.200501396555006428e-01
-1.518596027542231441e+00
3.432932635741839378e-01
-5.228254720985675563e-01
-8.023658844071175356e-01
4.810727984128430612e-01
7.396363247570834076e-01
-8.384663841126184236e-01
3.314340732998388162e-01
-1.409719017509589167e-01
1.006991118177771760e+00
1.837241113653394764e-01
2.137882611897775342e-01
4.829713117088180185e-01
9.962308980968805905e-01
-5.166704546412856924e-01
2.177166726667005836e-01
2.552125544489763920e-01
-7.218689411597643824e-02
-4.352721614905433190e-01
4.444615022043717500e-01
-4.522026551322781973e-01
-1.378534578095720053e-01
4.451246001144267272e-01
6.051272289616387301e-01
3.214549981825240432e-01
1.370542422233319568e-01
1.123364089140936953e-02
4.837929754254763348e-01
9.982373240260560276e-01
-3.094266312548861753e-01
7.296282583676020339e-01
1.031376138991233260e+00
7.273838278584657813e-01
1.598761843381481251e-01
9.276002807960911367e-01
3.481818021132370156e-01
-1.017568046884124583e-01
6.144027211234428520e-01
4.052582014701838070e-02
2.054555595782274480e-01
4.792014806855154907e-01
5.606128639989759188e-01
1.385971024028094467e+00
-1.546096239883866241e-01
4.786512445902157409e-01
7.458486778810337059e-01
-7.637815583926690910e-02
-2.578480221376131584e-03
3.323048250362529155e-01
1.407091377799503940e-01
1.009536621160520120e+00
4.981857265086986342e-01
1.191362012374661106e+00
-3.638857268408086099e-01
4.054600008704405956e-01
3.024980093832841874e-02
5.724125595572586711e-01
4.503546280524248768e-01
1.277655965611347977e+00
-2.614631479888092636e-01
6.762311398173190269e-02
-3.487432943477306035e-01
-5.660689717622111039e-02
4.160284809687490593e-01
-4.908561626539653111e-01
-2.193526737279100913e-01
7.249922111025193239e-01
5.273329666532386995e-01
1.199281756082203776e+00
-6.712567029761137838e-02
1.422276286187188710e+00
-9.526242416441830230e-01
1.474012154172440470e-01
3.819137950650796642e-01
-1.450149949773427982e-01
6.545328157934546809e-01
1.317709602850717365e-01
6.754240257455685903e-01
-1.174038413329611119e+00
1.060100256841243649e+00
2.172176773371741199e-01
6.965475821459468087e-01
6.426231908551495176e-01
-1.942133868945207509e-01
1.386160520839116728e-01
1.125284859467610366e+00
7.311332318259786828e-03
1.178839029325567056e+00
-6.947529361203161162e-03
