1.653081640815994013e-01
-1.227703037218346616e+00
6.986110718174297629e-01
6.968086981350934961e-01
1.402291825307979467e+00
-8.403167532879461665e-02
1.022144757196585374e+00
5.392414197864492387e-01
-6.774153893435178042e-02
9.456159384903368992e-02
-6.132363690984797833e-01
-6.996734140621777565e-01
-1.539033711789799419e+00
1.557637635930268605e+00
-1.145750125478127712e+00
4.937546582057215916e-02
-4.416836179298709864e-01
-1.447305284308722850e+00
-4.720669277534394470e-01
2.586029383862354925e-01
1.034543095107611110e+00
1.824032137363615635e-01
3.739963775815078328e-01
1.179439660437641146e+00
-9.849950344616263953e-01
1.474738700226763344e+00
3.273784476682389255e-01
9.111588101798059336e-01
1.351275851665091621e-01
-1.723737265982122846e+00
9.202595534318367410e-01
-6.027456191959124077e-01
5.255967727897086217e-01
-1.869135326990881252e+00
-1.782308381755241200e+00
-9.880200128916419855e-01
-2.238139061577649191e-01
-4.064614259065326141e-01
-1.236238841114397191e+00
6.063351795144727996e-01
7.075364668138146573e-01
-5.141019151931643938e-01
-1.502297668046235435e+00
6.463217949832008591e-01
-5.147982572365268350e-01
-6.793765020851422198e-01
-9.297504577293723704e-01
6.593979987595824932e-01
-5.874070169237399774e-01
-5.849185354963715167e-01
-1.342513465218314828e+00
6.534332847228727648e-01
3.327883544367959967e-02
-4.083631236131691211e-01
2.587882177466594436e-01
9.425797830403703781e-02
6.189550740220438607e-01
-1.151550337433434379e+00
5.016911921920266249e-01
-5.069463634809073804e-01
7.256513453088667687e-01
2.105095364420990212e+00
4.735544548072433968e-01
-3.627584458022054537e-01
4.827248614596542087e-01
1.018389193616221489e+00
-7.183869976586755579e-02
-1.059191022388787234e-01
4.142147889164694563e-01
-3.543002517482477520e-01
-6.718744534007063951e-01
4.201341788731212112e-01
6.622146648490302434e-01
-3.412440680522983438e-01
4.493290880556254363e-01
-1.111504916166138557e+00
6.692060592565379773e-01
-1.570242712044980005e+00
-7.604328136911225888e-01
2.224353864714508633e-01
-6.787862079204816101e-01
8.756056341709106405e-01
4.734971931294680858e-01
-1.896352448173826311e+00
-7.379801585310892253e-01
3.108327150610817879e-01
-4.417567104623252860e-01
-8.758923325988496877e-01
2.852403868846808965e-01
4.887149913212480989e-02
1.294335582166246945e-01
-7.625713736285971711e-02
-1.155038129456845253e+00
1.282113569348919124e-01
6.836006722410393754e-01
-2.628625687681056089e+00
7.784852254629558155e-02
-1.111920981058390628e-01
-1.696938038409225302e-01
-6.912572280353250498e-02
-3.883721250305351980e-01
-1.830483562106936524e-01
8.212812604683844553e-01
-4.144972936448856338e-01
1.814661216756346673e-01
6.884682956003764787e-01
-2.658570107368270485e-01
4.868052894592367341e-01
2.640020122748075737e-01
-1.093644589726485039e+00
-8.979181185238350738e-01
1.578865364456404574e+00
-6.670934428917951742e-02
-5.138910318031417734e-01
1.328444216621365859e-01
-2.720076069682553915e-02
-1.951568624110471550e-01
-5.433978366076229749e-01
3.688459896529239224e-02
7.761985790852299338e-02
-6.446945343772342296e-01
