2.406248980084804701e-01
3.373531205238942121e-01
4.125449317889589018e-01
-3.680771299003956359e-02
-7.906711354867471675e-01
-9.828786906913334898e-01
2.489863118044463586e-01
6.223337504175822099e-01
-1.002877209086484520e-02
2.523742434977902516e-01
-2.360736794991915299e-01
2.871402456693232796e-01
7.343178849568541278e-01
-1.320815257552778066e+00
4.124973953255655079e-01
4.116097045927604170e-01
-2.670938969657007389e-01
7.967012129951678290e-01
-6.653204660031468431e-02
-1.608851462137618205e-01
6.153004892826932082e-01
6.408266973965314195e-01
-3.801113347618875760e-01
-1.413802912809543899e-01
-1.263384489218669915e-01
6.669535158169057620e-01
1.288248719538330533e+00
-6.186075757090705451e-01
7.361817149715674802e-01
3.285659356214603033e-01
-6.662829886010409597e-01
-5.389987215496722106e-01
5.802558938779373010e-01
-1.063189867769927244e-01
-6.192054916555487232e-01
-3.174125979807302378e-01
1.443777471151604708e+00
2.989135625028571663e-01
-2.710319073392041256e-01
2.497615079384529480e-01
-8.206254320673731506e-01
-5.294430308669493268e-01
3.324136178262940833e-01
5.395023283970558081e-01
1.645762047779338261e-03
9.824371582121155244e-01
7.229212103506843512e-01
8.582235295155840049e-01
-7.615048936603140139e-02
2.884676585351255151e-01
-5.435153939201998741e-01
-1.808432864128995399e-01
-7.179438369330025660e-01
1.051179507546398995e+00
1.938446116737979619e-01
3.302081815633817197e-01
4.653938989407134241e-01
2.914713468577306843e-01
6.211878378636874753e-01
1.019397285576836981e-01
-5.754777544699617858e-02
-3.569329104568071953e-01
1.785290367603334649e-01
1.703044343950684270e-01
2.210525321135770604e-01
-2.318283968842267673e-02
5.331979263821614579e-01
1.375569545614166334e+00
3.340148920734725135e-01
2.562919077527714418e-01
2.221194111886698186e-01
5.580123630640144716e-01
3.162202960246456862e-01
2.009571880229106544e-01
2.084451500099102350e-01
5.217080054946607870e-01
3.698530185990787644e-01
4.240797911840225587e-01
1.092045020065861016e-01
1.061604567487604289e-01
2.283077305091470721e-01
2.120348623263552945e-01
2.151958601158922846e-01
-5.929955410805616729e-03
-2.183841950520849506e-01
-4.344576291563250758e-01
1.904516671292338648e-01
1.264403014302369760e-02
4.998605525748655576e-01
-9.749912393584451165e-01
9.224138137366085788e-01
-4.160310301403670197e-01
1.106330445448480804e+00
-2.877667200699719416e-02
2.751578172450158677e-01
1.444486033344160036e+00
1.728777604117667233e-01
1.955680537099471761e-01
4.509699166767766609e-02
-4.794832824354575695e-01
-2.625246376159763306e-01
-3.302880602226476170e-01
1.898929184465293352e-01
9.960490679359310651e-01
5.459170055311178549e-02
1.910820803916854771e-01
9.764143115514061222e-01
7.949954666700838057e-01
-4.167461445449420210e-01
3.131947375622506913e-01
5.381908925951126577e-01
-9.454348006086920053e-01
-1.137013141602395971e-01
-1.044129398412174392e-01
-1.584601123746849360e-01
-3.407396044455649475e-01
1.272348368968650112e+00
9.099186619435213619e-03
9.136039777428900388e-01
-7.825636144820692364e-01
-5.316973768326661576e-01
