6.424047508507304549e-01
2.381568325954945553e-01
-1.561855882175241517e-01
3.475393736855506011e-01
5.614882856290417390e-01
1.731364962682253039e-01
4.491617444790348967e-01
8.370480251246190107e-02
-4.826434536018656650e-03
7.264300925492992445e-01
4.491720894863621139e-01
-8.890466565344019856e-02
1.653007128384863592e-02
4.967915969447735391e-01
7.135865554842566461e-01
3.670620148187414000e-01
4.077459981651506554e-02
-4.785569887312857706e-01
3.409581040348069192e-01
9.872750496540173837e-02
4.023141359333942124e-01
-5.155949470446776622e-02
-2.958840871733219302e-01
-5.416021878144829937e-01
1.580875239781558417e-01
-2.054769835565953273e-01
3.996790396396430189e-01
-1.420877563345738191e-02
-6.581872781548822604e-02
-1.775968875271757841e-01
1.039570895315717891e+00
-1.495952781366512441e-01
3.941148787211599946e-02
-6.901453340710564932e-01
-3.871469042611543343e-01
-2.218486604218289360e-01
-2.867359048069965666e-01
-4.026096153258169608e-01
-1.965193904042995543e-01
5.522545577702892006e-01
4.952659706747566948e-01
4.235778067981381123e-01
-1.553191474982355880e+00
-7.589059073715024306e-01
2.157620603492597100e-01
1.400210834259038029e-01
7.149582787341181023e-01
9.272642640622368732e-03
4.000305389920591481e-01
-4.702219849521576123e-01
3.286513030358545473e-01
-3.675949556607020496e-01
3.929624888576827568e-01
2.618943793420844268e-01
-1.340279422001734444e+00
-4.383455551272587569e-01
-6.662758254410300340e-02
-4.395893627639489015e-02
-3.236961686765344459e-01
-8.783118939407333903e-01
-1.657290813938107621e-01
-4.507617273813714909e-01
-7.456465557258684651e-01
2.146924753421237120e-01
3.561977874447656012e-01
5.324255232133977972e-02
5.829639421359325002e-01
3.946409719955075723e-01
-3.139829360835180716e-01
1.355652999605634901e-01
-1.816496274784018261e-01
2.467937524885745748e-01
7.645803594730773423e-01
9.642989469491376475e-01
-2.465259664247987925e-01
3.427082786192122144e-01
7.377027737755168513e-01
4.406881248765920356e-01
5.647066296792476736e-01
-5.672033204421387254e-01
-6.514586115326524984e-01
8.328780307143414385e-02
2.280845303172688576e-01
-8.613793548578562165e-01
-1.092445896192413057e+00
4.244197873122864118e-01
3.936258401210572244e-01
1.717290248322179136e-01
-1.177284262262979220e-01
2.294127979412511897e-01
-6.063095456376506043e-01
4.341849619158458240e-01
-1.777442644952693107e-01
-9.659864383020597134e-02
-5.562012856744752431e-01
2.668873139702883091e-01
-5.376002862002107197e-01
-7.624210933469761919e-02
-2.942856808538971136e-01
1.415278550060648233e-01
3.512152264178671213e-01
1.120276039843147164e-01
-1.388251437392587828e+00
-8.845398665407359085e-01
2.984848701169297638e-02
-1.397993920235104826e+00
2.519129315999604768e-01
3.032630644374890716e-01
-1.831480953924518595e-01
1.672937106991981837e-01
-4.020689413890871089e-02
4.474357866832809894e-01
7.496144036232963437e-01
3.162503966001375955e-01
-5.182448815382018070e-01
2.218075949634839006e-01
1.455725984293668451e-01
6.157350257179036168e-01
-3.238492462958375562e-01
6.940714482189068724e-01
-2.034892503349719772e-01
