8.991369901078821725e-01
6.565382669913797375e-01
9.858200707351403302e-01
1.788717200900785675e-01
5.196305737844455486e-01
7.383114102430375913e-01
-5.136631254060431973e-01
-7.968170366893092549e-01
4.791071683907625611e-01
3.298273682884342861e-01
-4.681034257833964762e-01
-2.781831648691535097e-01
6.608964224687779998e-01
2.134491638789441925e-01
8.336028806079571751e-01
6.036243107790649765e-01
2.396599790757162340e-01
5.205393119169542115e-02
-9.787036989373996965e-02
3.372780747749766772e-01
7.920600951911258569e-01
1.934821841989207147e-01
-1.857013957422924688e-01
1.433466220390519075e-01
-6.995737189283869339e-01
-1.910125293902168175e-01
-2.936126816516054228e-01
9.753617160311398582e-01
1.551693620088737458e+00
2.007466715577730820e+00
2.697795256553248144e-01
8.199944105708567577e-01
1.467041232669424322e-01
-2.181681116429387557e-02
8.171739210097868078e-01
3.132714841940839601e-01
2.181874533155799267e-01
8.434157439913999577e-01
6.152597469576925882e-01
4.833612222247180568e-01
1.754072674307132484e-01
-2.587928315466364038e-01
1.309629522319301520e+00
7.263217970220914310e-01
3.105554104807336513e-01
6.013131111657773475e-01
8.915188359066086310e-01
5.466876792760776427e-01
1.326374752307271532e+00
2.008924764270578756e-01
-3.640121391017849678e-02
2.527371915106383371e-01
6.011476579805872245e-01
2.020987456882213928e-01
8.951243836722484470e-01
3.740998342046411573e-02
-4.551664303441739778e-01
-1.094066517481959329e-02
5.167194240069754585e-01
4.956852443940444330e-01
7.009251589708589414e-01
2.627675603868209753e-01
2.138137303864739436e-01
1.076177125040704841e+00
1.042468850709692640e+00
4.953736015515705082e-01
8.394708788330570437e-01
4.013712512845927782e-01
5.024481927627122424e-01
-5.444090984425750124e-01
7.112126166482892753e-01
-2.898869472436348405e-01
9.009981032362456288e-01
6.748268135536443779e-01
-1.095913699259258411e+00
1.503533100747607598e+00
6.503968201414900285e-02
-2.685353990947281222e-01
-5.055535101209007731e-01
3.044461314244261141e-01
3.984974378436872411e-01
6.083497392497650980e-01
3.347571164598929783e-01
3.462090096976517262e-01
-7.663506964494083418e-01
7.670934875733960157e-01
7.427837210826451209e-01
-4.590809469129982778e-01
6.451333210672031138e-01
2.669922389812011132e-01
-7.138762649246389869e-02
5.880819446488526614e-01
-4.387367336738905998e-01
9.627001384941850093e-01
2.468826224456809881e-01
-1.347513001597876459e-01
1.259101376161754438e+00
5.947336749099877418e-01
1.154738438026230718e-01
-5.713672410475523211e-02
-3.567210122223558044e-01
3.846039415680703732e-01
1.484251371250487894e-01
8.687497237343456691e-01
9.716895298088651378e-01
-2.606604691465668200e-01
5.195974791533084503e-01
8.986750996873357211e-01
8.713828392126932165e-02
-2.583321578446777789e-01
1.112240820605656655e+00
1.048194586643109272e+00
7.003718892574304355e-01
1.474609749112562040e-01
1.410159980959901471e+00
8.902223725966748047e-01
-5.045324926882956973e-01
-8.414213984269256486e-01
7.473444230793516718e-01
1.317553287507316595e+00
8.384364789417187991e-01
