1.229710773792554557e+00
1.264570737653789856e-01
2.600273445017791674e-01
7.599048505258454433e-01
5.869873618159696660e-01
8.400348433210553800e-01
1.976980809038112463e-01
1.365436708147283129e+00
1.235246570159941326e+00
7.274052659347666205e-01
-4.627047613826187344e-01
-1.910132960812856440e-01
3.063300415581096114e-01
-4.495560839436316125e-02
7.792843864593789194e-01
-5.718636383279813717e-01
5.301982550308080855e-01
3.213657962585683703e-01
4.613331784377489031e-01
-5.230072320533180052e-01
2.897092759647670879e-02
3.141501074422742845e-01
4.529202159413784901e-01
-1.366045678381897777e-01
5.189090407556864459e-01
5.528859954182056002e-01
1.460243284756336024e+00
2.324961910629066431e+00
1.406273753485215883e+00
6.864933833536237540e-01
3.127258258286927939e-01
-8.077183294618291154e-02
7.406845224571667607e-01
4.037909528412530480e-01
-2.179810097306225936e-01
1.382430398790196246e+00
3.077033183343911293e-01
1.276070193182493817e+00
7.367661567991455884e-01
-4.047504646848304466e-01
1.779958586449988112e-01
9.929241315744310459e-01
1.403335107758701739e+00
-1.104355743778646204e+00
1.413287576658455613e+00
4.663884964620687579e-01
1.118806137008716561e+00
4.204738019146821992e-01
1.261554241464181825e+00
5.575155081740870155e-01
4.746928820934417925e-01
1.115969658064219772e+00
5.719927122109405015e-01
1.107682786626957405e+00
4.243795992921405857e-01
1.713738551609153893e+00
1.716089466382657802e+00
-6.838576579274546763e-01
6.211143629200570615e-01
5.309675725454044981e-01
1.445616314175589778e+00
9.284287477605122074e-01
1.090351040418787942e+00
1.183161795355468060e+00
1.657699861719860390e+00
1.051504601447057929e+00
1.457201229578916291e+00
3.660301808641059917e-01
5.192205990358745860e-01
-4.536316640738803918e-01
2.934313636845230500e-01
1.659378972410149311e-01
2.840115630510915423e-01
1.676405880780735158e+00
8.725445671455585028e-01
7.757655943945842569e-01
5.043312290938050113e-01
1.045191068217893836e-02
2.179605250818304474e-01
2.924571641322846194e-01
1.296837251702009475e+00
1.622261049052403370e-01
6.239496186867224958e-01
5.536832175546817503e-01
-3.448663433007547741e-01
-1.002401684295974316e-01
8.962016644674486443e-02
-9.822618845277290844e-02
1.198909746338184146e+00
-9.417556675582447467e-02
8.923839846565672085e-01
9.284404892226595374e-01
-8.091016598274652916e-01
3.015446149862699432e-01
1.580665161731491519e-01
1.472231532752441563e-01
1.713866884030615712e+00
-1.202140566552034384e+00
7.841004556011389737e-02
-2.781977983654380648e-01
-2.730009479777138481e-01
4.548293413875117985e-01
1.108063443316928964e+00
-2.188839488601148353e-01
3.152871814149411089e-01
4.559146356282415824e-01
9.827530115418600110e-01
-1.918491195173200811e-02
3.451646152311251825e-01
1.547313251447269611e+00
-4.216046191731068760e-01
6.578783846494820065e-01
1.391495923522530376e+00
2.241552865538567474e+00
-9.124480813843369731e-01
4.432196188672939408e-01
1.681474696262309942e+00
6.640011135971822798e-01
7.216352202635809565e-01
9.714880014745990167e-01
-1.086165892388746723e+00
