6.214357412983800844e-01
-1.811452376557362298e-01
1.236675142601155325e-01
1.691251051096858415e-01
5.559556483383034653e-01
2.457711506529561829e-01
4.640364551963849782e-01
3.802239460525697057e-01
1.427475853406720896e+00
3.432377712008607973e-01
3.999682451511367698e-01
3.364027644515695803e-01
1.276518053406160425e+00
-9.067952444229909759e-01
2.894649298914870883e-01
-8.037142274411483989e-01
3.400775914158098434e-01
9.081428768775885452e-01
1.700264149919587242e-01
1.929942399337702674e-01
-8.570480717209379984e-01
1.910878142388095641e-02
1.860692329392773792e-01
3.360394892021580371e-01
-1.976692694960538454e-01
-6.137450174906976530e-01
7.470589134229629336e-01
-6.607895816974113101e-01
1.723298722576269926e+00
1.115057745241990306e+00
-8.973714488529480615e-01
1.039589836082939645e+00
6.382384964780813963e-01
-1.633166835037309916e-01
3.954183634917639578e-01
-8.456227171516970120e-01
5.644688327417301393e-02
-8.125067133469037195e-01
8.276775613042335333e-01
3.151075972497933142e-01
-1.300551921088680396e-01
-1.692017293845997639e-01
1.049254226935318668e+00
1.278503213173381559e+00
2.630327196093243947e-01
7.380155011084750249e-01
6.932960595355691646e-01
1.165182253412107904e+00
1.229457037988635149e+00
1.010846819320092349e+00
6.997875576045715640e-01
7.077209104990869193e-01
-1.031903328016377852e+00
5.709499366832964107e-01
-1.588122392504559555e-01
1.183123738353034415e+00
8.042536232466969137e-01
2.575595014617065304e-01
1.264026891564126398e+00
-6.228469997468786268e-01
9.273671305144647325e-01
2.972909256184926297e-01
-1.936191903045605123e-01
9.902223272937497045e-01
6.932869559726263509e-01
-5.576400917856508821e-01
8.219381699608045988e-01
1.170251372267377965e+00
-2.587805093394594455e-02
2.713290495805518177e-01
2.281704412733341680e+00
1.519042541203793784e+00
-3.890288644470844548e-01
-3.945645016581016129e-02
3.530245858159186678e-01
1.317242950613085162e+00
1.123908868920263426e+00
-5.614033786749478283e-02
6.594415985571625560e-01
1.370167141444552206e+00
5.775389930383922898e-01
9.529992685767800786e-01
-4.427565380065569545e-01
9.018641443130502588e-02
7.488832417878645842e-01
8.257641105328380471e-01
1.350197038797330995e+00
3.473077874323930447e-01
1.568488985422082926e-01
-7.507734403141130830e-01
8.620020559321056597e-01
-1.488356316128219003e-01
-1.742559310349167223e+00
-8.045893232769359971e-01
3.565204911531322796e-01
8.813590612973239979e-01
2.643597601005566733e-01
6.210049379660042002e-01
-2.345318915129112614e-01
-6.696928561595767437e-01
-6.716094800862790759e-01
1.222336530044035419e+00
9.517224071928087614e-01
2.110003632858664879e+00
7.547077168253225610e-01
-1.688819463925613495e-01
2.326217790796376861e-01
-6.013830094359183809e-01
4.728038982335711071e-01
1.242886322808015365e+00
2.726201467772131348e-01
-3.032735296776722933e-01
1.617264019578790180e+00
7.598218101360111332e-01
1.464629516625801653e-01
1.101207425426956821e+00
-7.441243003142035406e-02
1.196393526056682033e+00
1.322763507478217582e+00
4.389895570138327430e-01
8.780919982046024863e-01
