3.719969253270867249e-01
4.518056755191198204e-01
2.366662640692638875e-01
-3.424575974117257116e-01
-5.297602144340716329e-02
5.070922517299489840e-01
-2.124703373221721314e-01
6.243503622181212354e-01
5.655857926794770618e-01
2.570606061374585694e-01
-5.002249392629009028e-01
1.637015582470554564e-01
2.878624785756523363e-01
-4.744209106614759031e-01
1.331068828304294294e-01
2.073082709992515316e-01
5.560062014290637622e-01
2.001214261972870390e-01
-3.098141596160939870e-01
1.961990181831342051e-01
-3.407496192117733802e-01
1.732987737715106502e-01
1.578382810442564566e-01
9.841263235369541729e-01
1.278950496717394358e+00
3.891764036746636068e-01
3.412609920497712834e-01
2.429262292645642807e-01
-1.259864334774802030e-01
3.632065412757138900e-01
-1.221895199130793030e-01
-1.317589104525073163e-01
1.921144600992392426e-01
6.235982371305075489e-01
-1.566675803469042838e-01
-3.021155943063777438e-01
5.490904735996693375e-02
-9.248685190565697489e-02
-1.203798173927635995e-01
5.522471646281866819e-01
-3.179466297857756474e-01
4.776261463445766742e-01
1.928880252593083156e-01
-5.022374161971896456e-01
-9.177570575146712373e-02
4.804409806354130730e-01
5.274024939927673961e-02
-7.789892403958109668e-01
-5.404333663836524693e-01
8.604824121584851992e-01
8.993828736787158329e-01
8.410706015018553083e-01
6.047879564249878520e-02
7.317190921645213564e-01
7.524729695408789443e-01
9.219775768215715539e-01
8.068701300961158562e-01
9.907592374605125318e-01
9.072073665063795644e-01
8.921983307220279213e-01
-5.127447537880893691e-01
5.331241327886107051e-01
1.091937060075920840e+00
1.481147274638412725e-01
-5.136318621908106952e-01
5.186695974416265509e-01
1.059971223631624770e+00
-4.261674042267021290e-01
8.900207771146603219e-01
7.194387159533518483e-01
6.192983405334353542e-01
1.238641994066229435e+00
-2.809794214420370251e-01
8.612151398311196360e-02
1.598011406855355476e+00
1.311767841775364762e-01
-3.974605565422533737e-01
1.293316025097551059e+00
-2.468661267075255572e-01
1.438238909918782560e-01
-5.147042349378301296e-01
-2.230249252982481611e-01
1.508926371013226131e-01
4.790789863312867602e-01
1.191458846077673606e+00
1.250318442254749196e-01
-1.318084737996591538e-01
5.012360330787221097e-01
3.594678232694532571e-01
3.502957153275496061e-01
-3.169060924692458370e-01
3.764418837402398466e-01
-1.897200015119543670e-01
4.139529664062165104e-02
7.189339714396818515e-01
-2.527153681834324317e-01
1.502138150244946256e-02
-1.354541599111338257e-01
-4.556405745011182090e-02
3.420946006592278099e-01
8.873668272184761507e-01
3.587185882211195165e-01
1.100159245190049512e-01
1.479651404572225326e-01
2.055944846383833333e-02
3.565150991748491927e-01
1.624589102453969369e-01
-8.519438345513847821e-01
-6.916142607726692981e-01
-1.397717364952324147e-03
1.614900145550255128e-01
3.371448329711048131e-01
9.371851539715179147e-01
4.879074783519929404e-01
9.429366649367804110e-01
-1.922792838272686100e-01
1.346538868012809309e-01
1.251645194040682252e-01
1.311340238964297245e-01
1.020679006148122570e+00
1.612700889963596118e-01
