-1.065610017772798956e-01
9.357955503263392094e-01
3.592139060962168395e-01
-4.316838590741363668e-01
-4.274535773564491214e-01
6.512646023831460129e-02
8.368831282067033805e-02
3.400565042932558457e-01
1.141414761293292557e+00
1.338872214552560558e-01
-2.549237838818390472e-02
-7.271479161286670267e-02
-2.100805419927983392e-02
5.442081613805026530e-01
4.829413480448122020e-02
1.364437004945111276e-01
-4.212603653393651726e-01
4.606685429554349676e-01
6.358907199711327785e-01
5.061557725844055833e-01
4.344710191337778915e-01
2.848142617852348901e-01
-4.716748472242712764e-01
1.997949738052376412e-01
7.132779287503124843e-01
1.248868785135494708e+00
6.210306256523248081e-01
7.176147647546382569e-02
5.207358901774286064e-01
-1.310832170463095969e-01
1.940050082788223051e-01
-7.219067058125182568e-01
3.079620501304319857e-02
1.378276193267748750e+00
6.170881108670286386e-01
-1.642157125805115137e-01
1.320892129874085663e+00
-2.137908346527737091e-01
3.208383443495398946e-01
1.453483302326135651e-01
6.190570698844660713e-01
7.299585061561969512e-01
3.148658562039809428e-01
7.037340068496240608e-01
-1.207545049073232863e-03
1.088871133087814913e+00
8.166184529019246963e-01
4.166041655035793712e-01
1.453850379538761617e+00
3.380184607378638462e-01
1.055970992358772564e+00
3.973038353270860745e-01
1.988284592499104164e+00
5.077644194994831994e-02
-5.593185915507429412e-02
1.518469990914495527e-01
1.081046197628135364e+00
4.404978017094833831e-01
4.649614913513445968e-02
2.552788321019647255e-01
9.772924414672605753e-01
7.461319745369133782e-01
3.722521850656319020e-01
7.997145041780819863e-01
-5.033617620891255307e-01
7.556343650742547435e-01
3.455237571885197423e-01
3.626145771514730498e-01
4.636232562132849844e-01
3.098168579559493763e-01
-9.969888300563531369e-02
8.965508997800867297e-01
9.235747405755680983e-01
2.224617213554057338e-02
1.122064400900677272e+00
2.425205586958374127e-01
1.584592209992215506e-01
1.227946247398384594e-01
4.737361661394018930e-01
7.396248408478006686e-01
-2.131677907733625921e-01
5.681669827107169723e-01
-2.246221872895930727e-01
2.826750054742635521e-01
-3.207708165264027689e-01
-4.503039201225440824e-02
3.315526556132168956e-01
-1.222556837963749560e-01
-1.210339625124684099e-01
-7.199628654895039170e-02
1.919387199302143021e-01
3.291814671263765812e-01
-2.045266825105561681e-01
-2.592236654281526165e-01
1.116238513616660405e-01
5.249773971375584075e-02
-3.187402112452099034e-01
6.563932232643147069e-01
2.878558763282283439e-01
-2.385359877438476828e-01
1.074413079315934993e+00
-5.237349679527922297e-02
8.322466859283287333e-01
1.401353375386815703e-01
5.450303528834823386e-01
7.891778998848715532e-02
6.348397429615678655e-01
1.371123190632815292e-01
8.638406452771837940e-02
9.960114900119109160e-01
7.412931512415925628e-01
1.931889034375792458e-01
7.504359051318069129e-01
4.932686086449259988e-01
1.230136702514944211e-02
8.633945720995481743e-01
8.799777131099278948e-01
3.752126825843095093e-01
3.419219283585884783e-01
3.015197746061055728e-01
4.885785539039944059e-01
