1.250390473312877004e+00
6.406476571431864997e-01
7.500172686638632014e-01
8.620497013442103285e-01
1.159101269404248180e+00
4.317714009814055953e-01
9.859313760622876455e-01
4.491764722497356699e-01
2.679376261180449470e-01
6.915004927410680624e-01
-9.501851144967217166e-01
-4.879009535105345297e-01
-8.461514798600246190e-02
-3.546175921208524762e-01
8.046355082017705440e-01
-2.670608503338358641e-01
1.055195672535770846e-01
8.298094360468115660e-01
3.205512381140971367e-01
1.421228388725610747e+00
3.024277440599025257e-01
-1.527347881494431903e+00
3.470525002028317929e-01
-1.380897927172035189e+00
1.021344126463075153e+00
6.980353978250749547e-01
5.373875570923130063e-01
1.752312874102051887e-01
2.854331310595995541e-01
1.147499945728090553e+00
5.633383128724718247e-01
1.640538528693081144e+00
6.203913286797435589e-01
-4.120360558504790327e-01
-6.989262788055987385e-02
3.876976169629399727e-01
7.756031130701734888e-01
-3.829018356783154831e-01
2.110763709209466654e-01
3.333111218249474872e-01
5.646213337262533383e-01
-3.715531165364510668e-01
6.600613781500846988e-02
1.100089961901919544e+00
2.419989212721962435e+00
9.056341323988038872e-02
4.850603025621300635e-01
-3.108250759255083984e-01
3.570612048020589402e-01
1.861114928409834057e+00
8.953678343696568342e-01
1.338957728103757017e+00
-1.836216552910756306e-02
9.783109626279001825e-01
-1.017343987319449639e+00
-2.970271666856439952e-01
1.853073196245128007e-01
-1.393758453030892464e-01
-4.802965525434250982e-02
4.941514539406642870e-01
5.474197213762532765e-01
5.106799225390994401e-01
8.499255049160963082e-01
4.919946478206206342e-01
4.611397576775670970e-01
4.811319106978175775e-01
-1.667374266057053134e-01
2.553887274295706389e-01
-8.102626124755697434e-01
7.163578862331234642e-01
-1.508005316491371067e-02
1.324444415619945747e+00
7.001648757459595362e-01
6.808517117641249561e-01
8.615504439845904638e-01
-3.429232245099235743e-01
1.031026353123158490e+00
1.475042555477467765e+00
5.533190802865348840e-02
7.953231792815578238e-01
2.601398516363308544e-01
1.357312459397126636e+00
1.149689212524235005e-01
5.748075331394406073e-02
1.145254776829518206e-01
5.099881271318656983e-01
1.389390948174883955e-01
3.439762549314558382e-01
-4.499901506654729322e-01
-3.653145965741570467e-01
5.769325305728627562e-01
5.981592534045712117e-01
9.664619824082537614e-01
1.789460726156151538e-01
6.519875259806352519e-01
-5.124481464824640620e-01
2.534575214409299226e-01
7.478551766230349118e-01
6.825820283647647813e-01
-5.098973106417069578e-01
-2.283844480051439030e-01
8.567530885693747100e-01
2.442975109368364026e-02
4.314712380286793714e-01
1.132770453993830140e+00
-5.189837824365598484e-01
5.314876043144213247e-01
2.335066860188279858e-01
9.100581760840825707e-01
8.981355077159620670e-01
3.444032279865287816e-01
1.226487003791130848e+00
8.150042995878435947e-01
7.779633430322399068e-01
-1.309647370356378515e-01
4.523158500514851132e-01
7.091752532745522197e-01
-4.118543347581914843e-02
1.396454479537516391e-01
1.025218278236282865e+00
-1.105710249987605032e+00
