2.778826910855536902e-01
-1.135297643771808973e+00
6.461157964947890076e-01
1.362048358128566949e-01
6.140087202192561211e-01
1.521377809881581389e-01
2.214196771351574000e+00
-6.230108606044940656e-01
5.082081278308020478e-01
6.311417965677225128e-01
1.017997545740923826e+00
-1.183115028829928361e+00
3.607627260046715745e-01
-1.090742555151939797e-01
7.670040567960476618e-01
-3.192783412668374066e-01
4.156362364680050991e-02
8.799158983551156332e-01
8.709737676029878362e-01
1.116678553840020571e+00
1.032179668070188239e+00
3.655724367263606944e-01
5.337978983220991180e-01
-1.260275153049175145e-01
7.908123481244597741e-01
4.445811277706782638e-01
-3.543298381895585991e-01
-9.587212194073729821e-01
-5.596133091310675489e-01
-9.395681302902413046e-02
-1.350593259296095361e-01
3.117318104639864584e-01
5.560124160134366500e-01
3.551526395054923485e-02
3.852216234204607903e-01
-2.588613714440811120e-01
3.873364548894656784e-02
6.686619062141240244e-01
1.683568280375009829e+00
8.722061026008615103e-01
9.367671145871151461e-01
1.135882680959570123e+00
5.239210229617528025e-01
2.648639197025393632e-01
3.646701231208800964e-01
8.142855522264071944e-01
7.397342807319262636e-01
-2.561004459133595645e-01
7.249265951310016609e-01
-7.646291585833226989e-01
8.335881962947830903e-01
6.746893163602726284e-01
1.307778004463008570e-01
6.244873120842743264e-01
-1.659978816837172633e-01
-7.086353475707083405e-01
5.810215051538981657e-01
-1.279746930874123886e-03
2.177373095258692270e-01
4.669906663336436670e-01
5.242374574627756134e-01
1.570686768169701653e+00
-2.079182203544920893e-01
8.220246389372386497e-01
1.434980990562870540e+00
7.396442416753885585e-01
-3.082686692286193963e-01
4.367768808891309695e-01
4.119018056489813784e-01
2.143794326041922327e-01
-8.030315693020195766e-01
7.915646842530000837e-01
1.073972515963378171e+00
-3.726953459168189098e-01
2.285610677973594629e-01
1.184149488937599859e+00
6.507354063891983564e-01
5.929274746906348925e-01
1.812157229364640965e-01
1.292244929133250064e+00
5.455847629979587721e-01
1.727217608151375150e-01
1.127834438809769857e+00
4.276925621448520176e-01
-3.048500374404927715e-01
1.093630349056616602e+00
2.594153340411073927e-01
2.224598877492761639e-01
6.253498495325072737e-01
-2.801293627746702097e-01
-3.358569467212995652e-01
3.399316938942331112e-01
7.727544911815376061e-01
1.946021998034531408e-01
-9.894076033535089687e-01
4.808705313507729007e-01
6.435447818992904301e-01
7.724915755776851078e-01
3.175723601491190484e-01
-8.166413477882114580e-02
-2.775480215778040050e-01
1.223447552865719823e+00
-1.407239767825210208e-01
1.988618793021555697e-01
3.380399107098829847e-01
3.050450670908167600e-02
-2.122240398468720479e-01
4.661213934931171532e-01
4.127525066316615338e-03
3.568406835393447274e-01
1.253812864195515742e+00
7.606292722864402833e-01
1.302258313940176382e-01
-2.948312741850926400e-01
1.399458295049715417e+00
6.011736297424727926e-01
5.835768607534603802e-01
5.816117216835708925e-01
2.846537981648215032e-01
5.904302282536976199e-01
2.606616744385399365e-01
