3.921678475704292177e-01
4.300906096259181077e-01
1.804592958245560208e+00
3.033224676897545713e+00
3.604265577338783721e+00
1.047190149707230011e+00
2.902163129118081053e-01
8.822257665411676886e-01
1.095123966551307282e+00
-4.573409530815482071e-01
-1.054795590706161024e+00
-5.996421417976013912e-02
-7.340161841087552430e-01
5.283569681465810630e-01
6.097263934840133764e-02
-4.531762212841929927e-01
1.262477355385170918e+00
1.041191824165108804e+00
-6.592699727041567703e-01
1.433220250872236645e-01
-5.077414357251113231e-01
1.784306700304979509e+00
8.868928184998551290e-01
1.053291181819536071e+00
2.045331051877274486e+00
6.391612183243770007e-01
2.544486603287761106e-01
-4.875416232094166857e-01
-4.121886683327375400e-01
1.877544552243801013e+00
2.124785789852223772e-02
-8.679478229342303675e-02
1.230968024003289418e-01
6.175513060069073301e-01
-3.046998480859401948e-01
1.583640946297936170e+00
6.103955128446046929e-01
6.251360205631001365e-01
1.128069395066034097e+00
1.513472448924687019e-01
2.152244284191152879e+00
1.083256280003164429e+00
1.490357457712797373e+00
1.130109425763094366e+00
8.528609975403292909e-01
1.538981721706319528e-01
1.220174039176743053e+00
1.119042036173272470e+00
5.799217210905062148e-01
8.068862779784343742e-01
1.587728340136661753e+00
1.818709153794921596e+00
-1.044223608653470636e+00
-2.621558693622213498e-01
1.196390118055308482e+00
2.084397150113579844e+00
1.120560542048095964e+00
-6.555358635615159413e-01
7.699653316618194632e-01
4.595358982185869801e-01
2.113624004688250124e-01
5.338585398769623014e-01
-4.366865555376418101e-02
3.859554174844559982e-01
1.852132056503067004e+00
1.361524261205203368e-01
1.007627218972817928e+00
1.074875610227657319e+00
2.312031436699224507e+00
2.725431903983113635e+00
-3.610431804629098407e-01
1.781134271547724912e-01
1.035974278937065174e+00
1.388306079442756191e+00
8.410262432703899949e-01
1.140006276649075501e+00
1.487582880213965897e+00
1.036086562286430812e+00
6.260316167044226443e-01
2.802282642527978429e-01
-1.010212884271817657e+00
5.616452617606590980e-01
2.387742207684692364e+00
2.380488961701872519e+00
-1.052812873490849066e+00
-4.168345715539832907e-01
-2.687109599956439832e-01
2.328930244207844946e-01
3.915685581088539924e-01
1.231749941029023576e+00
2.237076378302125523e-01
3.953506620004312300e-01
-1.604588463182716085e+00
2.785976973790466271e+00
-1.767656003681264687e-01
3.375146988532831127e-01
1.220394215091964885e+00
2.868629630458405799e-01
2.093304442517949671e+00
6.403318267177544598e-01
2.060326431492090382e+00
1.855773423103561859e+00
1.580182823624142419e+00
3.713804463337245787e-01
1.482989732246550174e+00
3.070611980017846632e-01
-1.456477799717836030e-01
8.051189450201281517e-01
8.980724093496693650e-01
-7.195817484656644725e-01
2.376551516263739838e+00
1.006984072693931642e+00
1.054837453369336542e+00
1.481801257061334143e+00
9.643137852456277193e-01
3.219941753269257134e+00
-7.833380783455704544e-01
-1.044552676554349357e+00
-5.127941613103185192e-01
6.098730228810972376e-01
-1.157014566755682594e+00
