1.121913634540876670e+00
2.727676451891388743e-01
-9.815130495601538663e-02
8.950805559499104280e-01
3.777717070347003658e-01
-9.424399150086079091e-01
-4.999078137887962292e-01
1.055783398645867788e+00
7.843186962119418348e-01
5.213719076918427175e-01
1.624259744685772944e+00
-1.801651305689050131e-01
3.502716985306675301e-01
6.375857603212533586e-01
-4.906704489676842473e-01
2.953425886720422722e-01
-4.260274063766853470e-01
-3.410064199358249226e-01
-4.088161491442923734e-01
8.693777631277869178e-01
-5.479771772384719464e-01
6.667702743152500444e-01
1.420944005546782574e-01
7.521031519879335381e-01
7.346780237169920902e-01
2.600589778661181461e-01
1.082920831588842558e+00
6.146258661994452588e-01
-3.262727852350887359e-01
-9.471621182148515228e-02
-4.772279993427614997e-01
-2.821643972469372041e-01
-1.309481761839761671e-01
-2.493714648006976065e-01
1.642537708517496087e-01
1.447869579142135599e-01
-1.035046853935123745e-01
-3.847141612459962223e-01
8.662929886355945353e-02
7.749353914852988856e-01
-1.492251968731765355e-01
-6.698787343445149478e-01
8.722139926065406446e-01
6.920858232382792741e-02
1.441099398181107993e+00
8.304528441779125414e-01
-3.328453606315769364e-01
1.246505642250737983e-01
3.048680839012212623e-02
-8.650042875338662673e-01
1.141486300019006306e+00
-7.413349335326487877e-01
1.573020599776544737e+00
1.077642950137982503e+00
6.909320774201611615e-01
2.787772396390314142e-02
-1.577381250650239375e-01
1.186249042802422528e-02
2.263873306383724360e-01
3.436997004134687561e-01
1.507294569876808099e+00
-7.105623586429350436e-01
5.264547305407647482e-01
1.050858088028014725e+00
9.672112343698104908e-01
4.814836477609249488e-01
1.042790466772264946e+00
6.930498450135523791e-01
3.079256830965889646e-01
-4.994382636830554945e-01
-7.143687176642929959e-01
5.858947583914358992e-01
-2.025282046096145705e-01
-5.531163536669813086e-01
-5.413716508365522539e-01
-9.172354497942232232e-01
6.055197229901100320e-01
5.991441886928839944e-01
5.958608112119311295e-01
4.474007306035701070e-01
-5.248315825022925596e-01
4.507029088905870062e-01
4.640765954098267088e-01
-1.162214099362682829e+00
2.054543003152825842e-01
-6.272591074175064285e-02
-3.897947246008258149e-01
1.149106303598836087e-01
-5.245585163142106599e-02
5.940819637797057906e-01
7.478829376377038596e-02
-3.569950327640319943e-01
6.524775024026290282e-01
8.812952535983638314e-02
-1.852946701172286936e-01
4.437998845290864747e-01
-9.114469476554618033e-02
9.959207084355622408e-01
2.738966998216283977e-01
-7.017292626966624702e-01
2.698417867723887364e-02
-1.081667727063557460e-01
-7.985101949651196573e-01
7.721037254759849366e-01
9.691565539692421627e-01
8.944765654318650450e-01
2.011228403902982187e+00
3.615974381012783123e-01
1.273001043125957243e-01
5.499514071227562528e-01
-1.173578668203940217e-01
1.682651541272427997e-01
5.665561775490794011e-02
2.410462738271665351e-01
-6.206659204744497949e-01
1.250764776704527681e-01
2.351711682309625198e-02
5.195754322680569137e-01
7.965373794371708449e-01
-1.438611695978907257e+00
-3.217317438600976742e-01
