2.758405396895318162e-01
5.241684508043650270e-01
3.252587610864654533e-01
-1.285848381639201232e+00
9.505597037016916273e-01
4.470697007633592790e-01
-1.760654937608270298e-01
2.247810975257411303e-01
-1.290598670565805239e+00
-3.811936668224922414e-02
-3.040857793392481301e-01
1.676230887488193433e-02
-7.760816965990254834e-01
-9.358179004054891295e-03
3.624350955026232057e-01
-6.467168008719206274e-01
2.750411233996714194e-02
1.550974068145946072e+00
3.692938097267049469e-01
-4.378478266472225072e-02
9.732426054758867018e-01
1.273172916332332982e-01
3.968353073937427866e-01
1.346270459475255921e+00
-7.136514347388854713e-03
1.013278233011899232e+00
-1.050662008131932446e+00
-1.144182999341238349e-01
2.571056061312005925e-01
4.626174380828111943e-01
-6.433978119587797639e-01
-8.254475911889792572e-01
9.772507934577534527e-01
1.927143763934553444e+00
8.543519989189052311e-02
-3.631647204249398297e-02
1.385454255098273135e+00
-2.555669381276590713e-01
5.008098371002830396e-01
1.829360798803551236e-01
-2.451409382442494567e-01
7.714897345390440142e-01
1.221653989319396449e-01
1.620104641852913918e+00
4.910048834779312532e-01
3.857126979599376781e-01
-7.959159684291622350e-02
2.192210944493907299e+00
1.608465995663461434e-01
7.296878173495343622e-01
5.677547794482948884e-01
9.514820218258865925e-01
-6.091827575042162435e-01
6.667294612817596944e-01
3.191841226654624358e-02
5.283237442308660325e-01
3.192012362013944005e-01
1.634417265289045185e+00
1.127165526041544741e+00
3.489614187184409966e-01
1.680147464172845106e+00
8.452926591582621274e-01
7.862504003718476797e-01
9.104094504142596911e-01
7.484348038153596505e-01
8.364863038034268117e-01
2.360976030584030827e+00
1.242867512422371368e+00
5.012433290236046890e-01
1.047873228919299127e+00
-6.898683294855032511e-01
1.799854052571310481e+00
-1.303993432121344220e-01
-2.797126743473958843e-01
8.170899840232418443e-01
2.587972773882619149e-01
-1.354206945136949003e-01
1.067761940104093199e+00
1.853602421215335694e-01
2.544164227142485246e-01
6.146223418306702158e-01
-3.351402585710457904e-01
9.385834670165865701e-01
8.329586723958920524e-01
9.609322343221019525e-01
5.943162423493775215e-01
1.742514369927049334e+00
1.191182714075642995e-01
2.794660816106973034e-01
5.699704523148724916e-02
-1.026595712091994683e-01
1.269426071958908775e+00
1.728049073950598258e+00
-3.288708764554699737e-01
1.808929630632494456e+00
1.936683950723699255e+00
1.994118541802727684e-01
5.131845069001506054e-01
-1.925898824037474144e-01
8.014430353331916113e-01
8.007413521245877464e-01
6.523597462340213760e-01
-2.664236321367734889e-02
2.267080064194312850e-01
-1.275338852938922241e+00
-1.969185450090837342e-01
5.982798124076733615e-01
5.781033252647882481e-01
5.329732399941544685e-01
6.801555015867046805e-01
3.670312514011427885e-01
-2.158849678388811144e-01
-3.683691265456144892e-01
1.242007692234782468e+00
4.283027666493582353e-01
8.778315685389636025e-01
-7.467316341437489624e-02
6.383567042706225214e-01
8.979568538803937017e-01
4.420680225040469757e-01
-8.512385570456316719e-01
