2.300444184406174042e-01
2.929208617145442339e-01
6.705611632908011766e-01
5.870736061323753585e-01
-1.229344125067987903e-01
2.900770592036796547e-01
7.000657072722585861e-01
2.485897388981532785e-01
-1.819465364024363818e-01
1.219298340437257488e+00
9.752506376428072832e-01
5.818062342845993218e-01
2.459067030985368218e-01
5.773202539738068184e-01
-4.664324174851382510e-01
6.778254169113731575e-02
3.031050589550089991e-01
8.837453728030357780e-01
-4.022707214500749195e-01
9.913299007284254172e-01
1.987120303354290851e-01
2.437019659276360439e-01
5.759746827439307104e-01
2.357826006757593740e-01
6.593098855438768169e-01
6.944632823984578374e-02
4.394251289662746696e-01
8.039041722978363946e-01
9.877167892440824604e-01
-1.710251452966922991e-01
-6.510333484605285159e-01
3.469762950646670396e-01
1.461246058855916186e-01
-4.355666269340608548e-02
3.118127960984982960e-02
-3.188705090970857525e-01
3.197861426119203987e-01
-2.235405169670913739e-01
1.865757260230123116e-01
-5.216138380612456854e-02
9.584839120667237866e-01
1.188715020296229052e-01
3.346960521079159756e-01
2.572706943076300545e-01
2.920320248031946786e-01
-7.775266717677273287e-02
8.387665816357975368e-01
-9.113881034914648183e-01
8.011847434411323299e-01
2.032736677435559025e-01
3.497443366162610867e-01
4.548248616049740400e-01
4.148050591159023748e-01
2.082006107032131070e-01
9.997997499230772966e-01
7.468343533409508295e-01
3.030801754142848359e-01
-6.913766860069614495e-01
5.121950810127705589e-01
2.291846570661529650e-02
-2.888025579594772352e-01
4.560554740465532775e-01
7.313275222750968974e-01
2.414796331867731238e-01
9.667449020661391668e-01
1.497360370886070768e+00
3.192429214580916330e-01
1.097222726861950326e+00
4.172517997238399112e-01
7.649043592711338713e-01
-1.306522643365762848e+00
8.654122783307564015e-01
1.310071056348285135e+00
-3.189709442253272909e-01
9.234712240237606951e-01
-3.693245241322317685e-01
6.207076179787411885e-01
9.213862158846606309e-01
-3.555210476031002154e-01
2.914100990699916016e-01
-3.476055974476473936e-02
2.361163258569050349e-01
4.173724821446850308e-01
1.862647501961027241e-01
-1.262362334077771903e-02
-4.999191039198176700e-02
-3.081034857609479261e-01
5.092843854123920710e-01
3.536609279520485649e-01
1.477832064436580328e+00
8.582388045498544615e-01
-5.691209407984278990e-01
3.564583745131033043e-01
-5.536417308093760647e-01
-1.127137123806235125e-01
-6.020421913090633764e-02
5.278307304237819242e-01
7.135933305767829804e-01
1.109672742713941340e-01
-6.638688137275688961e-01
8.431959703811605644e-01
3.415543964093063073e-02
9.967851390161555636e-02
-2.350694471266791263e-01
4.019858763335341645e-01
2.238454984842095929e-01
1.194924086714027167e+00
-4.523825951124237910e-01
-1.410877847970801735e-01
3.073443419194483162e-01
-4.694634916711382805e-02
8.635604876202377378e-01
-1.380984785199947454e-02
9.889774154270185302e-02
6.629981285285848625e-01
1.088806078845193204e+00
9.191047312932572044e-01
-2.860414223032370917e-01
7.058457489336762425e-01
-2.080433219240398479e-01
5.852146281878939371e-01
