6.552123720534237805e-02
2.242028243615963590e-01
-9.826388488997576942e-02
-4.167555784151260601e-01
3.177367170100464655e-01
4.484575769226021857e-01
3.748156784948891707e-01
-7.779271862973587970e-01
-3.834702073920814303e-01
1.190415553896534938e-02
7.338207977927029280e-01
4.557100530109896019e-01
8.740201080716033522e-01
2.452168150136506408e-01
-4.557590832220891758e-02
6.230636370343561881e-01
9.672844201236165951e-01
6.532029231206074593e-01
1.994867345776404899e-01
-1.617888603657474667e-01
2.801152269527855121e-01
3.651444979915076106e-01
-8.685896670625537982e-03
1.125101145350566156e+00
6.678741785838508971e-01
2.886623866808176730e-01
1.041936113752736759e+00
3.551621642195332829e-01
-4.635817377275091578e-01
-6.965543178112033884e-02
-8.060428235063803459e-01
3.552483109694368202e-02
8.535215593891249952e-01
9.175076914685584839e-01
-5.454186298236652908e-01
1.757449086393467974e+00
-4.934956041581881059e-01
3.511809115498072398e-01
9.735576499274817275e-02
1.033678923703593044e+00
1.053193626859169951e+00
2.557209949623122022e-02
6.923745963113863144e-01
1.022484379568594726e+00
2.472538527369023131e-01
1.235210123363223333e+00
-1.428234483442394898e-01
-3.887029583350279371e-01
1.216171238934313337e+00
9.955316266317423279e-01
2.837695658575212221e-01
3.459406509129813734e-01
3.924841395834585689e-01
4.916202974483946386e-01
8.951444776248853596e-01
9.710339115065885762e-01
-1.322456331014374986e-01
-6.722936322994047843e-03
1.152520267683810468e-01
3.490579829539819934e-01
1.004022866178178486e+00
7.597542960015877256e-01
6.583825033400965768e-03
8.087360245027221950e-01
-8.715360248159831347e-01
5.659991772424793899e-01
1.177940439583929466e+00
-8.977925732409080747e-03
6.078121312522670738e-01
8.789134056297425168e-01
6.003599659076868100e-01
4.866267556315858611e-01
1.127213260411636941e+00
7.840122586820479356e-01
4.507367305513219624e-01
1.239030531115652867e+00
2.334863886573106395e-01
5.081290448279417449e-01
3.804174429849704331e-01
2.324714441402568055e-01
1.310685842041892979e+00
9.472513534883961750e-01
8.597560914181689995e-02
2.272157191265485737e-02
2.419103541468231866e-01
3.754086990242485600e-01
7.852614081325538509e-01
6.897909054272351181e-02
3.693817862990407819e-01
-5.703696790097428915e-01
-6.753972849526116429e-01
-1.333967289302838144e-01
9.925735279888079354e-01
3.734226268155670381e-01
5.702148768476778679e-02
-3.991186350660314575e-01
1.040265742036809993e+00
-2.361321170455396024e-01
1.057924124604862293e+00
4.028326817766069712e-01
7.186254618074808809e-01
3.225275335833306389e-01
-5.396613329665506803e-02
9.452127313053215740e-01
9.940722758008365689e-01
1.056666270968549121e-01
-1.270638022567986136e-01
-3.348073578840890518e-01
5.769691144382618209e-01
8.329261678420166737e-01
-3.420562876836452659e-01
7.740309758839246657e-01
-6.673777989270536226e-01
7.692208845523829108e-01
9.931567034736167310e-01
3.197543796017094930e-01
-5.982629176803107296e-02
4.418907264923368494e-01
-1.344794166775011568e-01
-4.049648920330048418e-01
-2.140951534554182967e-01
