5.557315042665479377e-01
-1.057331799065935218e+00
2.580724702644514590e-01
5.805864992238733979e-01
6.325330493557742573e-01
2.373533992555275918e-01
-2.189423382605480695e-02
2.814173531511272586e-01
6.398892103310400703e-01
2.565250797762432811e-01
-9.078169288438404927e-02
6.997412468493625914e-02
-2.345405223429061770e-01
5.650702817086540597e-02
3.360924359460157329e-01
-1.795244918557160618e-01
-4.594252401112468021e-01
-8.167916074282872974e-02
-4.901471637363890022e-01
6.628918880931602420e-01
2.858887147890188940e-01
7.015632243883698216e-01
5.730394306220065737e-01
7.055458642618700482e-02
2.507164309311567529e-01
4.499849119089176508e-01
-1.582392563682409325e-01
1.042799811271418520e+00
1.220862909559556675e+00
5.495871234891021029e-01
4.602728004297290121e-01
-1.385220075447739785e-01
-2.051942658397639396e-01
7.102321208383686191e-01
3.067589486333094362e-01
-2.811033458397523346e-02
7.507881309234948342e-01
7.610483865762460720e-01
3.717382246042230665e-01
-6.778285390752439854e-01
2.155587763651714450e+00
-1.064228918540894631e+00
6.187533558042508375e-01
2.561490120982994889e-01
5.292403925076882842e-01
5.966133239438733415e-01
9.640014300399126768e-01
2.014000171012995111e-01
6.242468943085844463e-02
9.891045537782519048e-01
2.161136912760298068e-01
6.273181638054015075e-01
8.627225602499990487e-01
9.322610648774175557e-01
3.087241256990578275e-01
8.484558758539836321e-01
2.287354481847153898e-01
1.799220301768850172e-01
1.314971138699439379e+00
-2.013339179366762863e-02
4.935158823768450581e-02
3.935805411739518034e-01
9.753421623894146242e-01
1.710438625424672565e-01
-2.267180426201670096e-01
8.383308240151575719e-01
1.191755619329512239e+00
1.438830296028923220e-02
4.791121949014413017e-01
2.378701551888345034e-01
5.497950576251228183e-01
7.812606622674184154e-02
8.114018928033297495e-01
4.573589000792177561e-01
5.791237465157199615e-01
5.316074179560758006e-01
4.650258168929775615e-01
1.212969835368250981e+00
2.160969547452898376e-01
1.594750816257412274e-01
-5.094126820726984084e-01
5.595442373442880424e-01
7.567276223428759385e-02
2.053344034257080508e-02
-5.948448460371815738e-01
-1.352955254424159648e-01
3.227119019962571000e-01
1.367453707280888442e-01
-3.836516491642676802e-02
2.168361809930724471e-01
5.736743365890948354e-01
-1.114617388685183785e+00
3.490235270706998905e-01
7.478265272499067251e-01
-1.047384360931634534e-01
8.861255102820007057e-01
1.080506088975372370e+00
6.273500716950610734e-01
2.838807507422327209e-02
2.070659039732613005e-01
-2.222118541377375578e-01
1.972421979897384936e-01
7.923216642543638999e-01
-1.055306486390006571e+00
6.190466587167613444e-01
3.234080975577411504e-02
6.115251493721817200e-01
-3.308533284210862790e-01
2.889198964272639003e-01
2.209751862725697555e-03
-3.126481326574936936e-01
7.077277349780271010e-01
5.256803038508803816e-01
3.530795317584625725e-01
1.363598955940772628e+00
4.926182862747480184e-02
2.684771405150794266e-01
3.015714472776870325e-01
9.151265231140708334e-01
-8.731892442726606196e-02
1.954496709111310047e-03
