1.365040566965344537e-01
1.036977988334329970e-01
-7.983081729233804102e-02
8.170699611433887011e-01
6.009725109587155112e-01
1.621948925967467703e-01
8.939621033159104169e-01
-3.623971382743243486e-02
3.189204700080844335e-01
-8.618336618161273610e-02
-1.210221871003752531e-01
5.333829203038702449e-01
3.443833178540001150e-01
-1.202514846911540217e-02
2.623647965288132822e-01
-1.007581687381950836e-01
-5.258387328143556694e-01
5.749365983485498210e-01
-6.445698822083134605e-01
2.985487221940914537e-01
4.850937835072483550e-01
1.034131709831879409e+00
6.437179952814639505e-02
2.820408323272932671e-01
3.520391775452445110e-02
3.047023294306453467e-01
5.607538157112976762e-01
-4.246571490150868877e-01
6.820726644231365210e-01
2.466059841592319890e-01
1.802511913795523391e-01
2.832925076638853068e-01
4.492149813369155087e-01
4.667034096423827161e-01
-1.145951457536273366e-01
4.708671249695514094e-01
6.282424965198705191e-01
-3.275736256745637731e-01
2.486972445018086064e-01
4.768195083899620657e-01
4.032490952845112914e-02
2.185935322154932414e-01
4.071047898284920197e-01
3.455985979567259836e-01
3.979819190377532623e-01
-4.053602322833178562e-01
1.306579359759594272e-01
8.365539780974902140e-01
1.131731303569299296e+00
4.583555702170270529e-01
-2.171700078219262475e-01
8.025942089273425673e-01
1.061426075360190957e+00
-6.725680388276077393e-01
6.414754339942035921e-01
3.461473552668268838e-01
1.031449229491169239e+00
-5.111526678395224982e-02
-3.828529627323525308e-01
4.313168907267880825e-02
-1.901548412620679696e-01
3.674099426139044722e-01
1.978473974955752834e-01
1.010535154167192529e+00
1.916809934189949577e-02
7.515073977725119647e-01
5.646458395588271895e-01
1.218248085361267385e+00
9.796491643755374235e-02
6.291792517642371685e-01
8.077082813034495157e-01
7.869040673673153297e-01
9.409051749282696525e-03
7.584825527470555606e-01
4.044088981781585601e-01
-8.249778663818461977e-02
5.145365582392090742e-01
3.937197991753779158e-01
4.720439244919265587e-01
1.425686553465174145e-01
7.477935912538848928e-01
6.502331538195033067e-02
-4.427698251525635231e-01
3.840927410176434020e-01
1.061401490826657135e+00
7.336096148843167519e-01
-6.207391067673009299e-01
-2.040426444267323114e-01
8.369099625612472781e-01
4.391671227183437942e-01
-2.375870271789956023e-01
-1.098029266690374317e-01
-7.223705886101990797e-03
2.518437088836405491e-01
9.284228014923657790e-01
8.111505180056607367e-01
4.692741747133153396e-01
3.110522931244604772e-01
2.964264185038801291e-01
3.220260537905712539e-01
4.226296463868618042e-02
5.548856682409181174e-01
3.559381585960034733e-01
-4.452608325159901348e-01
-3.740418748328319665e-01
-1.271094113644600891e-02
-2.006361247221081362e-02
4.492767349667913801e-01
2.243899046107758199e-01
6.453782866452754952e-02
3.476665729606291944e-01
7.204438207937655658e-01
9.128095300711000504e-03
-7.067654716157849293e-02
3.225780249173044179e-01
1.488821226056427915e-01
5.731098090682653634e-01
8.682122411539083817e-01
1.284094536561819488e-01
-6.738902628211823620e-02
-2.673014113740408426e-01
