-8.633267879321118721e-02
3.912089336098867887e-01
-3.066684587272381912e-01
8.527770590282710561e-01
7.498801573112759966e-01
5.167987332063055383e-01
8.877018762209409886e-01
7.621496384024530890e-01
1.741342110298383705e+00
1.201930584125537604e-01
-5.086203450122891434e-01
-6.976129027691654327e-01
-3.003871220670745190e-01
-1.196774090503857080e+00
-1.274511025757580351e-01
-4.098331470071406302e-02
-4.878661737130133846e-01
-2.501349073147596247e-01
-3.606590011719108119e-02
-4.976672094273133784e-02
-3.998135291062702157e-01
-9.462925378860480297e-02
3.533070183755477878e-01
2.764875231140315748e-01
-2.632599057360798245e-01
-1.259284727910710666e+00
-9.685307666523271242e-03
1.248391115938968454e+00
2.657904185810898434e-02
5.161795127194834798e-01
-3.232486581243478874e-01
7.990426855162463537e-01
-6.418173814752938799e-01
2.898868815182100711e-01
-1.669303324725731896e-01
7.394240150716292481e-01
9.553430722356515137e-02
2.363092769996169573e-02
1.116494452258034231e+00
-1.651343160268183841e+00
1.329922645713941254e+00
-5.357678192435683107e-01
-2.801501473368123163e-01
-2.073196580718060122e+00
3.221945699800973784e-01
-8.802792743683788279e-01
-1.765170105247776400e-01
9.949266636973844724e-01
5.596363894597966571e-01
3.811805214378810591e-02
8.924634197071991126e-01
-1.681275427783696541e+00
6.886685187012038245e-01
8.806305100823187404e-01
-5.734403942744077387e-01
-1.459556470394720029e-01
9.613060053738112787e-01
-4.983321452835068333e-01
1.363896347065956249e-01
-8.694040822575840322e-01
-4.849382651841863123e-01
3.686485082580873707e-01
1.022619987509564066e+00
4.121598091158517052e-01
-1.294259145999875127e+00
4.952557687928334316e-04
1.240446879799482094e+00
7.012673906771930143e-01
3.086089550138488291e-01
-1.468861495475385803e+00
6.198920887104045208e-02
1.131637930013285054e+00
5.463377111734500913e-01
-4.835335129319728864e-01
1.304068725941012641e+00
-6.497597859799207898e-01
7.348334661746052099e-01
-9.777491381825075267e-01
-4.412840510088034685e-01
4.490608814158200124e-01
2.490106720190271294e-01
8.927179897430552735e-01
-6.994176984709953027e-02
1.819579418237978197e-01
7.659951660434499709e-01
-3.408134372745802998e-01
1.626134179316919559e-01
1.708913211343180416e-01
-3.018767569486432989e-01
1.390361977247861036e+00
-6.748926029417426919e-01
2.593894919706601909e-01
6.756139468722552888e-01
-1.228644239912286551e+00
1.904136822991581435e-01
-4.123627976822149321e+00
-1.312957535093174144e+00
1.561244750947256454e+00
-2.217006623470559878e-01
4.314608076560985661e-02
1.620428246821933760e+00
2.386579434774820818e+00
2.633564296927642934e-01
-2.143049283873516231e+00
1.477940542297229376e+00
-3.173158368710000121e-01
-1.491072876723218421e-01
3.686534891475317099e+00
1.651707184492679614e+00
1.237121118418197663e-01
1.443458558701235406e+00
2.985804491859159193e-01
6.320444328104216636e-01
-1.538818575290356871e-01
1.182261797906176692e+00
-1.664081320683754861e-01
8.244018721162862384e-01
-1.155139946296201758e+00
-3.662819647428828818e-01
-1.907531821414122919e-01
-1.392280959133937790e+00
