-1.353955672756953055e+00
2.767681923904450891e-01
-9.031006620935098927e-02
-4.155732924896521352e-01
-5.364678803207713065e-01
1.858777889398956218e-02
4.015889969491711620e-01
-1.897041489985525020e+00
7.575332173655955348e-01
8.728525016491268940e-02
2.960497175490802158e-01
4.344425270500309327e-02
-3.287203775321397847e-01
-1.175596969076598164e+00
-1.681166434357762307e-01
4.677652981689085498e-01
-7.261945542174780277e-01
-2.282357252140462034e+00
-4.560192161386739107e-01
-1.033766577775889539e+00
-7.502791281296292691e-01
-9.815257672667865307e-01
-7.084321273662564922e-01
-3.854925410205759517e-01
1.358840837049642980e-01
2.630174288157889340e-01
-1.477467664525932423e-01
-1.438885692265431171e+00
-1.197826862845089435e+00
-1.132622176701312489e+00
-7.464388682256977159e-01
-8.138674932922087546e-01
1.315377405288776336e+00
2.657660801784254012e-01
7.154259200937118646e-02
-2.324181952505382509e-01
-1.634415372605157124e+00
4.667543564351818719e-01
-2.727067925396706727e-01
-5.756534788433800287e-01
-4.172709000823459635e-01
-2.288366391073509420e-01
1.826396584143396284e-01
-1.891589458509459254e+00
-7.829639779556110124e-01
-1.202494906926436125e+00
-3.523731117330446833e-02
-1.259777100984930398e-01
-7.224945842834956666e-01
1.021487738741251039e-01
-1.714751022530319302e+00
-2.962448582226203109e-01
7.532941851779153541e-01
-9.703174315694865770e-01
-6.811561951906081047e-01
3.791707632566891639e-02
-6.965743036915161834e-02
-1.082580761152055038e+00
-3.830224425252068077e+00
-1.032951259906149666e+00
6.260843730865621459e-02
-2.482767377632836281e-01
4.502036756505947146e-01
-4.544426940325002051e-01
8.651348804122009906e-01
-4.902832791412617963e-01
-5.381367288620194644e-01
-5.390830088682704302e-01
-3.234991639564513966e-01
-1.238491502471418260e+00
-7.865240026475326385e-01
-1.759430855095934554e+00
-1.058306414844931154e-01
-3.951957137563537614e-01
-1.719008411655957191e+00
9.336882568771649460e-01
3.716048970076491487e-01
-9.557597496389280689e-02
-1.402753232325451016e-01
4.377307181074319153e-01
3.118125111047804765e-01
-4.689091589811135719e-01
-3.355071814960078336e-01
-4.826413865346895204e-01
-1.709290090899290293e-01
-1.009023712195364908e+00
6.532445856041659837e-01
-3.009338324771118067e-01
-5.249760477868570252e-01
-7.520863671712166298e-02
-1.731675175887011364e-01
-1.108530657845153478e+00
-1.436279105657217725e+00
-1.543624649645028546e+00
9.602512527973118897e-03
-1.100110368180849063e+00
-1.069948627473168851e-01
4.807451538374619138e-01
1.344983435540896555e-01
-6.685557085896075280e-02
-6.193181798040188202e-01
1.571571389418496001e-01
-2.206205234135764637e-01
-1.523663651433103228e+00
-8.026558393366440836e-01
-8.181493881087827102e-02
-8.748744305637283503e-02
-3.059659108295411864e-02
-5.406090227538866422e-02
-1.031116029605826601e+00
-3.535440048234581023e-01
-1.144650443065865497e+00
-1.550597059347400691e-02
-3.573686130391584559e-01
-1.344965102872863749e+00
2.588121507607233918e-01
-1.206707575197382698e-01
4.510694882405403283e-01
-1.917273133132839202e+00
2.785468959262772382e-01
-1.826333919625453994e+00
