1.292540621308688076e+00
1.177037105844346954e+00
-1.112706617360158384e-01
3.479563176737796026e-01
5.421914393421132239e-01
4.569021473793113963e-01
8.169850523630201033e-02
6.411988779770355640e-01
3.635504320875975748e-01
-8.515233267564530084e-02
6.653112566378323045e-01
-3.617739053303363206e-01
6.589934595132386219e-01
-2.161935427285782418e-01
1.304727549583831525e+00
4.687468672224661126e-01
-2.670092179685666367e-01
4.504717881750936459e-01
4.949207075365105735e-01
6.870095132956096640e-01
7.010575216992991354e-01
-4.641059466603170147e-02
-1.177347575771699323e-01
4.017929860494640626e-01
7.802490712776227744e-02
1.206957696425843898e-02
5.742747758937256641e-01
7.269583198985848926e-02
2.683601565625666763e-01
5.642698296316032147e-01
9.586804329211678910e-02
8.830263578853875250e-01
6.237253952402024293e-01
1.997139818986715942e-01
4.224932558767620638e-01
6.549197934782162722e-01
5.188795180973754251e-01
-5.773330320897916007e-02
1.622445707396978354e-01
-3.141017969284132794e-01
5.382720156779170484e-01
6.231168341740166428e-01
1.735661686879318877e+00
4.711215070335709743e-01
1.026663886594299635e+00
3.500770889574820743e-01
4.019800419433021688e-01
3.284995998586988653e-01
6.060613353673507397e-01
4.282048683663130517e-01
-3.212767923891535760e-01
1.627663176159020730e-01
4.319447294656183489e-01
3.592894268324800522e-01
1.001833243518437611e+00
2.108566301285724476e-01
6.896078894522628122e-01
-2.495995959266014419e-01
3.540942051724627060e-02
3.846338161685790569e-01
7.219110248658232587e-01
2.038160512926478762e-01
5.577644390310705358e-01
3.590384206827170188e-01
5.826002322537110478e-01
8.841940177354228325e-01
8.780619605178278109e-01
3.723307335382443073e-01
-2.039830079854571820e-01
-9.342399540490207155e-01
3.289665477693395346e-01
1.157819196744349410e+00
1.212411171321088998e+00
9.201828954501310998e-01
-2.467671490564590508e-01
1.471859018664005925e+00
3.233720360480456073e-03
6.398542465741502427e-01
8.575067652637281546e-01
-4.453904145756348854e-02
-7.480388892752105889e-02
4.206819355876360578e-01
1.470379444583303219e-01
2.096117064088108828e-01
3.558832981615185909e-01
-1.480930220832583910e-01
4.367151031401473871e-01
4.913311097061963117e-01
1.891840589886160662e-01
-1.269422593331125393e-01
8.305000710715806922e-02
5.320966740187714761e-01
9.870611077997589744e-01
7.818547479173739712e-01
1.136831328061289337e-01
9.882200068308401031e-01
-3.722321934681271371e-01
1.137913489356639385e+00
-5.532036894061063137e-01
1.624291645132877170e-03
-1.766739964975605481e-01
8.770310676956767637e-02
8.413385967432137624e-01
4.503884932297049781e-01
8.307026174391382023e-01
7.931086143970145219e-01
4.355782744058243200e-02
-2.720416756670784308e-01
4.496501101002281509e-02
9.656337295761348027e-01
6.486498206277016010e-01
2.856841398438013657e-01
3.377718621890712369e-01
3.720043041764924396e-01
-1.195874281890348528e-01
2.915025474411018780e-01
1.311357711918689217e+00
-6.023810513274692191e-01
-1.167991831955433879e-01
6.118813990715314954e-01
-2.267530192081660956e-01
