3.957542581396933934e-01
5.557198975627005710e-01
-1.043543938615068001e+00
-6.113214507044909159e-03
4.652812778898391954e-01
-1.535091892863758911e+00
1.684800277456787732e-01
8.514655213490724545e-03
-8.066542230615439957e-01
6.163900273655039674e-01
-8.315210878620939994e-01
-5.561530754422627787e-01
1.059119138635539609e-01
3.034109612536253775e-01
-1.166650415700982435e-01
-2.819697604943928737e-01
-2.208697691298053822e-01
3.505514101692940865e-01
-5.635212591001360627e-01
-5.144568991460832796e-01
-1.503371512590761551e-02
-4.550605452919966321e-01
3.110607933721885043e-01
5.425423974260925597e-01
2.765792174815263627e-01
-1.122240644273957200e+00
-7.435819247638918439e-01
-1.980675296761878368e+00
-5.002019937132862193e-01
4.269176462437847541e-01
3.186280485894301545e-02
8.066149960840093280e-01
-7.632757514449542979e-01
-1.114415759029065534e+00
-3.440944593180775835e-01
3.738666067969013684e-01
1.031730111394138366e-01
-1.732292173000996027e-01
-1.284483336735068981e+00
-4.193518579760920073e-02
3.321882633847926258e-01
-1.810789216523351008e+00
-6.716740584841950357e-01
-4.916008896329748246e-01
5.004853622097154009e-01
-6.999461458059467178e-01
-2.268345508953674428e-01
8.096438699479994172e-01
2.063081305800643861e+00
1.683176668095628825e+00
-1.177453353998112240e+00
-3.856763143719582621e-01
-1.160436071765965860e+00
-1.193533646856522301e+00
3.083283049728765546e-01
6.967919770350929909e-01
-1.074894028833675463e+00
2.237307488725515936e-01
3.002866097541516122e-01
3.245348342949735954e-01
3.263449839832963661e-01
6.157320512205515656e-02
6.445259839330348683e-02
-2.082120249965902226e-01
-4.732545739180685773e-01
-1.255135695110790151e+00
-1.339212271327158144e+00
8.793703066843469029e-01
-1.519732093868868816e-01
-2.437183369365276242e+00
-3.458081011325622178e-01
8.394396380637625388e-01
6.245020009337260980e-01
1.261019315178438793e-01
-1.365964930350619388e-01
-5.232177635031095564e-01
-2.318119221836012767e-01
-2.874422762588479396e-01
4.037492549373545847e-01
2.940899236799124350e-01
1.194771704511523799e-02
9.575349547722701304e-01
1.297586551128809385e+00
1.000943218309370691e-01
2.875851722147682588e-01
-2.186525610557098265e+00
-2.987080143894227935e-01
9.329216626517039535e-02
-1.176982479394812264e+00
-2.506167712992338759e-01
-5.167332466726670681e-01
-3.046795545755031087e-01
5.976920633342833744e-01
-1.159730317787487586e+00
2.650668320938275313e-01
-8.772310613171367955e-01
-1.646496629087593477e-01
-1.918218364393804998e-01
-6.807371034019477074e-02
-6.083167783641298954e-01
4.310199295277521991e-01
-1.333853022002635669e+00
-2.657173370374122379e-01
9.871352189550873790e-01
-7.835749220427910000e-01
3.714081723201550500e-01
-2.000110777495041070e+00
8.021623611446679902e-01
-2.333592480435686400e-01
6.575770113255328120e-01
1.274025777370570434e-01
-2.263748099360940805e-02
-1.012501744510180268e+00
5.634863003042855922e-02
3.818219683981260437e-01
-2.329548143977124008e-01
-6.399499693812935597e-01
1.649707298898887009e-01
1.686969237801830834e-01
-9.418479316247564403e-01
7.696059210736674316e-01
