-7.005195756844019295e-01
-7.215373031884250166e-01
-1.271179615501906446e-01
-5.004271262330791670e-01
3.316553551985244597e-01
4.848953224846299509e-02
9.416144433345480236e-01
8.231179570947639856e-01
-4.403231171590139548e-01
1.383301556627372919e-01
-1.306262316053895756e+00
2.798513492505182998e-01
4.457895124901631312e-02
5.065822040459174724e-01
1.287723568383251749e+00
9.393854267899233168e-01
5.573322613814613025e-01
-1.171571416925434095e+00
1.180528383360017308e+00
7.242492965126231530e-01
2.172348811438514105e+00
4.564228577291709610e-01
1.662616333557250359e+00
8.701788020193906847e-01
5.383514987818653896e-01
-3.596148562106611934e-01
5.800929460957373607e-01
-9.425043084893612588e-02
8.083388243328550882e-01
-4.043128482790960820e-01
-1.940836917051512733e-01
7.063857380740951042e-01
1.101965768719853633e+00
-2.131213900837876374e-02
4.969147421448011359e-01
3.008160775822474320e-01
4.933740418735479416e-01
1.185536486102042764e+00
1.642105492232057484e+00
6.370668117415403398e-01
1.160702054449831433e+00
1.379827919932422597e+00
1.028951686678665656e+00
1.810500749655824526e+00
2.978109056631395024e-01
4.081885737380053780e-01
9.890216611746420750e-01
8.578648055343843781e-01
1.174848479476749086e+00
2.312841908983535311e-01
4.154976843885598292e-01
5.376857927821523386e-01
-5.821570956973363270e-03
-4.647661668634489041e-01
1.758140578097154849e+00
5.398541058840160556e-01
2.332312335180340757e+00
3.307594443340186041e-01
1.223633360334527298e+00
4.787092351211462704e-01
6.592687469908643516e-01
6.917431220774526990e-01
1.787425521369751524e-01
1.457887300281673015e+00
1.700636426686182867e+00
2.989393280190660307e-01
4.576112160646679250e-01
7.318937034563436361e-01
4.467360285105992923e-01
1.429334805170327849e+00
6.743378630275734809e-01
7.361056041135005668e-01
1.732582081495441795e-01
8.658723837226602882e-01
8.578271441236863248e-01
6.795708985534919533e-01
-2.686103679481920414e-01
1.629881765642539726e+00
-1.713667694015232335e-01
1.564319831782626236e-01
2.105273086175177610e+00
9.918623946366201816e-01
-6.878238745171351143e-01
-3.614839703847486096e-02
2.479686409024274285e-01
8.719073364042904117e-01
3.569809736386688193e-01
6.375786876753856136e-01
8.873418093497026371e-01
1.327146961974490669e+00
1.296123098301266374e+00
1.154441880164694068e+00
9.552574506423413547e-01
1.513374941030132814e-01
7.482306647252826570e-01
-9.320924242427632844e-01
-4.877773643442110951e-01
2.172918046087015664e-01
4.005482722616147129e-01
2.868113544838158946e-01
-2.194386960011529275e-01
-1.414754838484282018e-01
5.909673356749863826e-01
8.714515266838867014e-01
1.124370428421784585e+00
1.057790713029205798e-01
-9.086273154048811751e-01
-6.234181715701413440e-01
7.753795984882568826e-01
1.303224574894160659e-01
4.610892771873745244e-01
4.405052312981742602e-01
4.904838164280233420e-02
8.470619839914772520e-01
-5.612117945980300143e-02
4.928651485914912339e-02
2.147923207293349179e+00
1.159601720224226362e+00
1.058875480258290036e+00
3.063533813868496991e-01
-2.151551826958532643e-01
